Enrolled
120
1 13 10 3
2 14 7 7
3 14 7 7
4 16 8 8
5 18 11 7
6 13 11 2
7 7 7 0
8 13 5 8
9 20 12 8
10 8 3 5
11 13 7 6
12 15 8 7
13 14 11 3
14 22 13 9
Course	Room	Teacher	Time	Students
1	3	5	2	2 7 13 15 16 25 26 30 31 37 
2	4	2	1	10 11 13 21 43 44 47 
3	4	6	2	4 6 12 17 22 34 45 
4	1	6	1	17 31 35 38 40 46 49 50 
5	1	3	2	3 9 10 18 19 21 28 41 44 46 47 
6	1	2	3	3 16 18 23 32 39 42 43 47 48 49 
7	3	7	3	5 7 27 28 38 40 44 
8	4	4	3	6 12 17 26 34 
9	2	4	1	1 5 6 8 9 15 20 24 29 34 39 48 
10	1	3	4	9 22 40 
11	3	5	1	4 14 19 30 33 36 41 
12	2	1	3	8 14 19 25 31 33 37 50 
13	2	1	4	2 5 8 11 12 16 26 30 39 41 46 
14	2	7	2	1 14 20 23 24 27 29 32 33 35 36 42 49 
