Students	5000
1	25 21 49 34
2	34 36 3 12
3	11 16 4 18
4	13 22 2 33
5	8 28 40 10
6	37 32 15 4
7	47 1 7 11
8	21 35 30 6
9	17 37 2 32
10	6 38 23 47
11	21 8 5 24
12	33 9 2 49
13	47 1 46 12
14	31 21 22 14
15	30 8 29 11
16	43 28 49 8
17	48 29 40 15
18	42 39 43 25
19	3 43 1 17
20	10 43 24 33
21	26 8 12 4
22	33 40 26 8
23	38 41 21 49
24	42 25 32 35
25	46 39 48 42
26	12 2 11 46
27	26 31 38 32
28	10 31 33 9
29	31 44 34 14
30	28 34 12 39
31	49 31 15 30
32	30 24 31 6
33	49 41 23 29
34	21 13 4 47
35	6 35 41 38
36	9 7 27 32
37	30 31 48 36
38	33 19 12 4
39	30 15 22 18
40	29 8 7 10
41	44 4 24 16
42	29 36 38 32
43	8 15 20 50
44	25 23 49 47
45	28 25 2 34
46	40 47 34 13
47	5 25 3 46
48	12 24 45 8
49	27 41 32 8
50	49 47 21 5
51	45 27 16 43
52	10 31 24 21
53	2 18 40 14
54	33 38 40 50
55	41 42 23 35
56	31 5 12 1
57	13 27 4 2
58	18 19 47 41
59	46 44 7 12
60	3 39 28 18
61	14 4 32 31
62	21 33 23 31
63	43 41 6 21
64	47 9 25 14
65	27 10 50 31
66	1 33 14 7
67	1 25 43 31
68	21 9 31 43
69	4 34 9 29
70	27 42 50 47
71	42 41 35 20
72	41 32 33 40
73	39 17 6 46
74	1 3 18 28
75	23 31 39 45
76	1 49 12 47
77	5 46 4 3
78	39 38 19 34
79	12 15 4 39
80	28 18 25 26
81	24 41 33 15
82	6 47 46 36
83	43 24 27 5
84	22 38 25 30
85	23 29 37 28
86	38 47 13 50
87	44 39 21 13
88	37 34 7 5
89	43 38 40 46
90	33 23 41 31
91	10 36 6 34
92	1 43 46 35
93	8 31 9 26
94	23 12 47 40
95	41 39 46 22
96	16 27 11 21
97	48 31 8 7
98	6 35 36 46
99	18 49 4 8
100	40 35 45 50
101	39 2 48 32
102	14 48 40 32
103	38 22 4 29
104	35 17 22 18
105	48 23 24 13
106	49 38 33 21
107	16 36 37 10
108	31 14 10 16
109	34 11 5 26
110	24 26 34 29
111	36 37 46 13
112	46 6 23 24
113	41 38 19 1
114	12 38 26 29
115	20 9 1 11
116	25 35 20 39
117	24 47 44 42
118	32 37 36 25
119	5 24 13 31
120	48 19 39 40
121	17 3 9 48
122	29 10 30 9
123	30 23 17 34
124	13 34 28 33
125	1 25 8 12
126	33 21 7 42
127	39 33 44 22
128	7 33 25 19
129	29 19 14 43
130	43 21 19 13
131	12 14 25 31
132	47 4 17 36
133	19 40 25 34
134	27 22 50 30
135	25 7 44 20
136	40 47 9 2
137	37 46 11 15
138	43 1 32 46
139	12 7 43 33
140	19 29 36 12
141	20 26 9 2
142	17 13 31 22
143	22 36 32 10
144	25 30 20 33
145	47 5 24 29
146	41 19 5 21
147	2 50 29 37
148	50 22 25 7
149	9 19 43 16
150	9 22 29 33
151	2 4 40 12
152	39 4 8 15
153	30 1 36 37
154	31 4 39 10
155	5 12 35 18
156	27 28 26 3
157	17 6 44 43
158	7 21 48 40
159	45 34 32 19
160	9 45 12 33
161	14 49 28 4
162	20 43 30 39
163	30 1 49 20
164	7 12 49 26
165	21 49 47 4
166	47 41 34 45
167	42 45 30 37
168	43 16 5 44
169	2 6 41 24
170	21 31 20 11
171	1 41 23 6
172	22 49 38 4
173	5 29 13 39
174	28 31 14 6
175	33 15 48 49
176	48 27 47 13
177	27 21 23 29
178	37 21 19 7
179	29 31 5 1
180	31 11 21 37
181	36 41 22 33
182	34 2 37 42
183	8 48 18 29
184	24 34 35 32
185	24 26 7 30
186	43 17 40 19
187	17 31 21 48
188	42 6 10 33
189	44 16 17 21
190	14 37 29 2
191	12 41 6 29
192	9 4 43 40
193	35 32 50 46
194	40 22 47 30
195	8 11 29 21
196	32 27 43 5
197	36 39 38 33
198	35 13 9 20
199	26 30 32 29
200	16 10 15 33
201	44 33 9 28
202	38 26 19 10
203	12 18 37 44
204	3 24 4 30
205	26 49 44 29
206	40 25 47 21
207	21 10 40 45
208	35 19 23 12
209	19 25 48 27
210	26 8 17 31
211	14 9 42 12
212	34 32 18 49
213	17 23 34 20
214	37 8 17 18
215	13 1 46 45
216	25 38 34 3
217	12 33 3 36
218	5 3 4 18
219	38 4 27 31
220	43 10 50 49
221	17 20 49 3
222	4 42 32 24
223	28 37 48 19
224	7 1 8 46
225	42 6 36 45
226	44 40 45 23
227	22 10 39 16
228	45 6 15 19
229	7 31 11 30
230	50 29 5 4
231	3 42 24 7
232	37 23 5 28
233	27 16 26 22
234	8 30 2 7
235	12 39 31 19
236	17 13 33 29
237	14 44 40 8
238	28 31 32 13
239	3 42 26 28
240	49 36 44 50
241	46 1 6 14
242	8 36 13 35
243	24 37 13 7
244	48 7 9 39
245	29 50 30 14
246	46 40 14 32
247	34 45 3 31
248	31 18 19 23
249	28 7 50 29
250	34 10 42 7
251	19 26 42 5
252	39 42 40 35
253	12 18 38 27
254	7 46 1 44
255	38 17 40 49
256	47 26 7 9
257	28 26 16 7
258	22 7 2 4
259	5 50 31 7
260	6 16 3 27
261	7 29 16 22
262	33 3 41 23
263	9 49 23 27
264	18 13 42 33
265	28 17 49 22
266	50 37 9 19
267	16 39 28 6
268	29 24 9 32
269	16 26 48 33
270	5 34 39 17
271	46 5 37 39
272	22 11 19 10
273	20 4 24 15
274	12 45 39 14
275	29 39 32 18
276	32 12 28 26
277	32 23 8 2
278	40 41 19 37
279	12 17 47 5
280	49 7 27 42
281	4 32 21 45
282	27 11 33 49
283	35 24 44 22
284	29 9 15 38
285	24 43 34 44
286	6 18 39 40
287	14 36 9 48
288	36 50 26 20
289	19 17 43 14
290	16 33 8 29
291	21 19 17 12
292	19 15 13 4
293	27 14 38 41
294	35 1 22 41
295	50 9 27 45
296	1 32 30 50
297	44 9 11 47
298	26 18 39 21
299	6 17 27 3
300	3 27 50 22
301	6 18 47 13
302	10 32 39 3
303	25 9 13 12
304	36 29 8 33
305	34 8 27 40
306	34 30 15 32
307	32 7 5 22
308	38 48 2 5
309	44 20 23 43
310	46 26 9 33
311	45 41 14 34
312	28 11 43 10
313	33 1 48 7
314	43 2 6 46
315	11 44 15 31
316	27 26 6 5
317	31 14 42 30
318	20 19 44 47
319	24 2 37 11
320	39 9 1 6
321	6 28 15 24
322	18 39 43 5
323	5 14 26 35
324	33 7 12 11
325	3 34 41 44
326	27 25 31 11
327	50 3 27 48
328	8 13 16 31
329	1 8 22 15
330	11 17 2 33
331	49 5 3 26
332	13 7 9 1
333	14 49 6 28
334	22 7 32 26
335	46 43 42 38
336	14 23 29 8
337	18 39 27 36
338	7 24 4 50
339	2 41 22 35
340	46 14 41 28
341	11 18 1 39
342	24 11 15 1
343	40 13 43 16
344	34 35 27 45
345	31 9 49 36
346	14 11 28 13
347	3 29 33 9
348	29 13 12 7
349	10 9 29 36
350	44 47 10 23
351	10 20 4 29
352	10 42 49 39
353	9 17 44 40
354	22 21 24 41
355	48 7 5 32
356	1 16 48 50
357	4 12 38 19
358	49 7 44 41
359	6 23 22 1
360	12 30 8 4
361	21 29 17 18
362	18 49 2 50
363	15 3 46 48
364	11 21 37 38
365	24 28 47 39
366	10 41 18 43
367	6 20 46 15
368	1 14 23 30
369	17 3 29 42
370	22 20 2 21
371	10 24 49 34
372	14 13 21 34
373	24 39 29 20
374	47 3 35 26
375	36 30 21 17
376	4 45 41 3
377	15 7 49 10
378	48 3 10 45
379	33 50 9 18
380	25 44 42 47
381	44 27 22 39
382	26 17 6 50
383	7 37 23 49
384	29 50 36 25
385	27 47 1 32
386	12 38 37 6
387	42 37 4 12
388	34 17 25 30
389	42 22 48 50
390	24 32 12 9
391	40 9 46 11
392	28 42 33 12
393	36 15 4 49
394	21 33 48 5
395	8 33 38 48
396	6 1 47 32
397	15 50 40 14
398	35 45 5 27
399	43 38 35 25
400	43 18 17 16
401	40 14 16 21
402	23 2 31 33
403	35 8 2 31
404	49 40 4 21
405	33 50 31 12
406	12 14 22 28
407	12 11 6 26
408	37 17 46 42
409	30 39 42 5
410	50 23 44 14
411	13 12 22 9
412	26 7 1 25
413	4 28 5 35
414	2 26 20 8
415	49 28 10 20
416	30 6 45 43
417	32 15 37 27
418	13 22 3 33
419	10 15 12 49
420	6 35 22 30
421	41 36 14 43
422	2 7 3 44
423	22 49 23 45
424	32 7 9 6
425	39 1 45 34
426	18 17 19 44
427	46 26 16 28
428	40 3 41 50
429	25 47 37 44
430	50 32 36 11
431	32 23 21 18
432	10 7 45 23
433	19 46 27 49
434	22 21 13 41
435	32 46 43 13
436	12 5 29 50
437	28 30 42 29
438	33 30 34 43
439	26 8 2 36
440	46 41 15 25
441	35 36 3 48
442	16 41 34 42
443	30 9 49 12
444	2 33 21 19
445	33 21 28 11
446	27 48 16 19
447	32 22 7 33
448	11 45 1 4
449	11 29 43 35
450	44 1 39 28
451	37 36 21 47
452	2 50 16 31
453	26 9 19 41
454	19 30 46 11
455	46 5 50 36
456	11 30 17 48
457	36 33 48 16
458	27 3 44 32
459	50 25 11 5
460	42 43 15 13
461	30 23 37 47
462	39 6 5 16
463	2 13 21 9
464	48 8 24 45
465	14 17 12 22
466	8 7 5 46
467	49 31 41 34
468	40 46 32 24
469	2 24 31 16
470	20 5 38 15
471	1 29 6 38
472	5 40 50 2
473	47 39 26 14
474	17 13 40 25
475	17 31 25 12
476	12 20 22 15
477	11 4 2 18
478	27 9 6 19
479	6 1 44 5
480	30 45 39 9
481	35 50 47 11
482	9 28 8 4
483	36 34 18 43
484	13 44 26 12
485	14 46 18 20
486	9 17 31 38
487	18 4 29 40
488	17 5 2 34
489	34 38 20 9
490	7 47 21 42
491	46 21 48 15
492	24 18 5 23
493	33 19 5 38
494	39 16 19 31
495	43 39 27 46
496	30 16 40 9
497	34 9 3 11
498	23 28 18 11
499	16 7 37 31
500	39 3 2 10
501	44 26 42 43
502	38 16 50 49
503	17 3 47 49
504	21 30 40 37
505	40 35 37 29
506	35 12 24 44
507	5 17 15 23
508	32 40 13 11
509	22 29 23 8
510	10 48 16 8
511	23 19 6 8
512	30 28 33 31
513	27 29 36 9
514	39 40 11 13
515	8 5 1 10
516	50 46 7 42
517	49 16 7 26
518	17 46 23 24
519	23 2 6 14
520	14 45 27 5
521	7 29 50 13
522	18 49 37 32
523	12 8 42 25
524	19 8 11 9
525	16 26 27 21
526	29 13 37 11
527	44 37 11 3
528	15 46 49 31
529	31 23 40 35
530	8 28 24 14
531	46 6 45 26
532	47 8 34 32
533	6 36 3 16
534	47 3 31 18
535	39 36 38 43
536	2 27 44 18
537	40 27 30 11
538	47 46 23 20
539	46 41 42 14
540	9 1 27 46
541	50 5 16 30
542	45 28 13 49
543	7 2 49 36
544	31 42 21 7
545	12 30 31 24
546	4 13 39 22
547	26 42 44 39
548	49 37 1 47
549	32 31 5 43
550	35 39 37 16
551	2 25 35 18
552	39 4 46 22
553	43 17 28 12
554	20 37 47 5
555	2 4 38 45
556	30 21 28 3
557	35 23 6 36
558	32 33 29 40
559	20 37 34 33
560	35 16 36 45
561	37 31 11 29
562	4 12 6 39
563	45 34 27 35
564	47 13 18 16
565	22 1 20 37
566	3 4 43 50
567	33 28 14 6
568	40 44 28 39
569	29 45 31 43
570	41 15 43 18
571	23 25 3 47
572	33 1 13 22
573	25 3 24 9
574	46 9 1 16
575	28 4 26 43
576	40 37 17 41
577	45 34 2 17
578	21 19 3 1
579	16 40 24 33
580	50 15 14 46
581	12 8 23 20
582	6 23 42 18
583	38 10 33 15
584	29 28 43 50
585	15 30 33 12
586	43 5 42 17
587	5 27 14 28
588	1 16 35 13
589	39 35 11 44
590	14 29 1 39
591	7 18 17 3
592	13 26 32 25
593	33 49 15 8
594	45 11 26 27
595	33 38 28 17
596	15 25 13 47
597	45 30 29 14
598	31 50 20 21
599	28 20 27 31
600	49 22 44 33
601	22 43 21 48
602	18 25 20 14
603	47 3 28 40
604	10 13 8 35
605	41 13 40 24
606	4 19 40 26
607	7 49 6 20
608	6 41 15 8
609	39 36 9 33
610	10 43 15 13
611	28 7 38 35
612	21 35 30 6
613	48 34 46 36
614	21 50 22 11
615	20 46 33 7
616	1 16 14 18
617	32 35 8 47
618	18 33 28 40
619	42 36 3 30
620	41 32 5 44
621	12 36 16 25
622	16 29 4 48
623	4 42 40 6
624	18 9 47 26
625	14 36 4 11
626	44 38 17 18
627	28 26 46 27
628	13 1 35 28
629	42 12 27 37
630	6 11 34 39
631	33 9 39 38
632	28 33 36 38
633	10 30 12 40
634	38 20 16 42
635	1 21 48 34
636	43 18 32 47
637	23 39 28 19
638	14 30 11 19
639	26 5 4 32
640	44 31 50 9
641	49 45 10 31
642	7 11 28 33
643	9 49 42 47
644	35 23 36 30
645	31 47 45 5
646	29 1 9 32
647	31 20 28 7
648	8 24 1 49
649	34 40 16 38
650	36 47 49 15
651	16 15 18 30
652	49 21 43 17
653	30 3 26 15
654	32 40 21 22
655	45 30 7 5
656	49 4 9 32
657	37 31 27 42
658	13 4 43 36
659	42 41 10 40
660	22 30 34 19
661	14 8 21 15
662	43 48 5 14
663	35 9 13 16
664	26 4 10 35
665	17 43 25 21
666	39 10 17 1
667	28 14 40 44
668	40 2 7 48
669	40 24 41 16
670	36 7 30 35
671	37 18 49 50
672	31 13 16 32
673	27 36 47 8
674	42 32 44 40
675	39 36 21 42
676	40 49 14 1
677	34 27 4 2
678	27 49 48 28
679	27 36 10 15
680	37 12 9 38
681	29 33 11 38
682	18 34 21 50
683	1 44 6 11
684	15 35 17 10
685	13 17 41 5
686	46 42 32 39
687	15 49 28 39
688	16 3 20 26
689	4 14 15 47
690	33 7 2 32
691	2 40 39 17
692	3 39 41 11
693	17 25 35 31
694	39 2 30 50
695	14 36 33 43
696	18 10 41 19
697	12 20 29 22
698	31 23 2 36
699	14 23 37 24
700	20 49 30 37
701	6 24 23 49
702	21 6 18 30
703	1 35 44 18
704	32 49 29 36
705	42 7 41 24
706	22 18 36 33
707	27 42 50 5
708	16 2 47 18
709	37 7 14 20
710	35 17 5 24
711	23 39 49 8
712	33 50 36 47
713	36 35 2 25
714	46 3 40 10
715	25 44 11 22
716	2 14 46 10
717	38 26 33 27
718	45 34 23 6
719	40 14 29 46
720	7 28 49 26
721	16 35 42 21
722	17 21 11 48
723	8 25 13 49
724	11 39 24 47
725	6 24 15 41
726	11 38 22 32
727	28 45 44 5
728	9 31 13 37
729	39 49 48 38
730	46 29 11 21
731	18 21 5 23
732	29 50 46 4
733	12 16 15 34
734	44 29 18 41
735	10 12 14 37
736	23 7 22 37
737	8 24 20 10
738	18 38 11 14
739	1 10 40 32
740	48 14 50 45
741	16 40 6 7
742	42 35 23 19
743	49 12 44 28
744	19 46 34 38
745	38 47 15 2
746	3 11 36 40
747	23 27 48 47
748	7 15 11 36
749	48 13 45 34
750	41 13 45 24
751	3 21 30 36
752	12 48 11 2
753	39 12 15 32
754	32 46 39 35
755	48 49 35 42
756	24 40 38 27
757	32 35 18 45
758	24 5 12 4
759	45 30 50 29
760	21 34 22 24
761	23 1 13 37
762	15 36 4 41
763	22 26 7 18
764	8 22 4 48
765	9 48 8 11
766	25 45 42 7
767	20 14 18 6
768	7 12 23 31
769	42 47 37 43
770	42 8 24 34
771	14 44 15 33
772	5 1 30 6
773	27 50 15 35
774	49 4 9 14
775	10 28 29 37
776	25 38 19 9
777	34 22 38 28
778	11 3 8 31
779	11 16 1 26
780	34 3 44 5
781	30 20 39 34
782	42 12 26 37
783	26 43 12 46
784	34 13 48 36
785	47 28 41 13
786	25 8 17 34
787	10 43 46 33
788	24 28 9 10
789	1 35 5 43
790	38 32 6 47
791	27 38 16 47
792	4 10 36 31
793	20 32 22 34
794	1 4 33 8
795	17 30 39 9
796	47 12 9 36
797	39 11 12 9
798	39 48 11 17
799	22 2 47 16
800	48 46 36 27
801	9 4 5 42
802	14 4 43 21
803	5 27 35 36
804	49 50 47 19
805	36 40 32 47
806	17 42 29 26
807	33 1 41 9
808	25 40 24 12
809	33 14 41 17
810	26 13 8 49
811	29 35 33 3
812	43 21 33 32
813	21 40 9 46
814	29 17 18 33
815	6 28 4 41
816	15 33 44 39
817	2 46 41 39
818	44 22 27 7
819	46 10 5 27
820	3 2 43 14
821	28 12 36 40
822	30 39 6 21
823	44 31 16 49
824	40 18 37 3
825	27 3 26 42
826	16 46 23 35
827	14 35 8 46
828	6 41 27 10
829	30 21 41 38
830	34 15 3 16
831	29 10 5 37
832	25 39 31 11
833	44 2 37 7
834	26 47 17 45
835	33 24 18 7
836	29 20 23 44
837	31 37 40 50
838	10 20 4 13
839	12 13 11 23
840	26 35 29 50
841	33 45 9 46
842	22 26 39 45
843	24 43 29 4
844	10 13 40 11
845	28 20 34 47
846	31 6 16 24
847	36 4 3 40
848	39 7 11 25
849	6 2 28 49
850	36 37 44 7
851	5 36 45 13
852	14 1 10 28
853	6 27 43 4
854	20 50 32 26
855	42 13 8 39
856	22 20 47 18
857	37 5 10 8
858	29 26 22 16
859	16 17 26 13
860	11 26 16 48
861	11 8 49 2
862	41 40 16 38
863	44 35 25 38
864	22 15 12 2
865	30 1 5 8
866	40 47 42 46
867	15 34 42 39
868	10 43 25 31
869	47 42 44 31
870	11 14 28 9
871	18 50 43 32
872	5 40 41 18
873	25 18 40 6
874	24 15 33 19
875	39 9 36 16
876	42 16 37 21
877	7 2 46 5
878	37 17 41 6
879	10 37 23 24
880	41 5 48 31
881	11 13 40 42
882	30 38 15 19
883	47 38 48 25
884	1 28 34 27
885	30 31 50 24
886	49 38 39 11
887	33 17 6 20
888	48 4 18 31
889	7 18 9 12
890	10 15 27 25
891	48 17 1 9
892	19 39 31 36
893	37 42 3 29
894	2 11 30 16
895	49 34 45 37
896	20 4 13 25
897	37 30 32 29
898	9 15 23 5
899	50 13 38 9
900	18 6 25 22
901	8 37 9 42
902	23 24 34 17
903	29 24 6 22
904	43 14 48 17
905	41 24 5 30
906	32 42 10 47
907	44 30 2 29
908	14 39 10 4
909	38 43 49 47
910	19 32 38 24
911	16 1 21 11
912	38 36 12 35
913	33 2 16 10
914	22 28 50 30
915	8 32 47 33
916	24 37 35 44
917	47 44 42 35
918	44 47 37 2
919	22 50 37 45
920	43 15 45 42
921	45 13 16 38
922	47 12 31 11
923	48 19 32 33
924	2 22 9 15
925	48 10 2 15
926	34 46 44 36
927	48 14 41 40
928	17 39 12 49
929	1 27 3 4
930	5 11 6 3
931	15 17 31 30
932	31 25 50 8
933	21 50 18 46
934	18 7 50 28
935	5 30 36 31
936	16 34 29 15
937	43 6 7 23
938	49 44 8 19
939	8 48 47 20
940	38 41 49 36
941	36 7 27 1
942	23 1 25 40
943	50 41 44 27
944	4 30 40 15
945	27 35 12 9
946	16 13 48 43
947	22 34 32 44
948	37 46 33 20
949	46 18 12 4
950	6 17 10 35
951	13 9 21 42
952	36 23 25 26
953	6 34 42 48
954	13 50 24 10
955	6 5 21 37
956	48 25 12 24
957	11 4 13 3
958	23 17 32 50
959	50 45 39 6
960	8 43 49 6
961	32 43 38 29
962	8 2 5 33
963	38 10 45 3
964	19 43 42 33
965	15 9 50 14
966	17 50 15 36
967	26 3 1 8
968	8 46 25 27
969	29 4 10 34
970	34 2 49 50
971	1 28 36 39
972	7 30 3 15
973	32 23 16 35
974	48 12 11 5
975	12 18 2 46
976	45 27 5 44
977	38 39 7 18
978	26 34 4 17
979	15 20 12 2
980	23 43 13 35
981	4 9 33 29
982	38 21 37 28
983	17 12 37 1
984	36 27 16 11
985	35 10 20 50
986	41 7 43 35
987	15 21 23 34
988	7 41 43 3
989	42 1 35 29
990	33 9 38 12
991	40 3 4 14
992	27 30 42 2
993	19 24 39 34
994	31 27 21 49
995	48 28 37 10
996	19 38 22 26
997	46 29 22 20
998	10 43 35 40
999	7 15 21 29
1000	26 37 9 3
1001	43 42 8 32
1002	9 29 36 30
1003	22 19 21 46
1004	22 35 40 49
1005	38 33 39 44
1006	41 49 7 5
1007	43 45 25 6
1008	47 32 39 48
1009	38 26 25 2
1010	50 11 39 29
1011	4 33 26 11
1012	20 48 1 17
1013	9 28 22 17
1014	33 11 30 31
1015	40 37 13 7
1016	47 40 43 42
1017	39 34 1 49
1018	29 41 33 22
1019	22 1 16 36
1020	43 13 28 41
1021	17 27 6 23
1022	1 44 45 14
1023	9 17 20 46
1024	1 40 45 31
1025	39 33 35 7
1026	42 10 45 9
1027	6 11 29 47
1028	32 12 41 35
1029	37 33 45 42
1030	21 25 27 30
1031	21 40 39 49
1032	7 21 8 19
1033	13 1 39 15
1034	36 9 34 21
1035	5 6 28 39
1036	39 24 25 26
1037	10 9 30 48
1038	35 30 23 27
1039	42 44 38 20
1040	11 25 1 35
1041	22 43 49 35
1042	20 12 7 40
1043	26 38 18 33
1044	38 25 11 20
1045	20 46 9 33
1046	26 42 34 38
1047	5 3 9 23
1048	3 23 26 28
1049	32 45 33 3
1050	9 15 33 49
1051	2 16 25 10
1052	36 34 33 6
1053	45 10 3 14
1054	9 34 5 33
1055	18 46 23 48
1056	36 2 6 5
1057	2 11 36 40
1058	5 30 27 16
1059	10 3 8 26
1060	32 9 39 48
1061	19 4 11 3
1062	47 8 30 22
1063	5 39 22 8
1064	25 20 11 50
1065	27 34 49 35
1066	2 48 15 6
1067	42 31 48 23
1068	34 43 44 32
1069	9 42 17 45
1070	3 17 1 10
1071	13 11 30 1
1072	5 1 46 18
1073	28 14 50 16
1074	36 38 33 21
1075	39 47 46 42
1076	4 3 18 8
1077	2 18 19 35
1078	20 16 32 37
1079	4 32 46 50
1080	42 30 13 19
1081	43 38 32 50
1082	2 16 47 18
1083	22 6 3 38
1084	47 42 38 50
1085	45 15 9 29
1086	43 2 9 33
1087	32 47 37 16
1088	13 9 2 29
1089	47 5 34 27
1090	41 4 11 18
1091	11 3 25 12
1092	2 14 46 13
1093	23 3 31 40
1094	5 42 12 7
1095	13 9 46 2
1096	19 36 13 30
1097	38 4 14 50
1098	48 2 30 6
1099	27 11 9 50
1100	31 25 18 30
1101	28 20 36 44
1102	13 33 21 10
1103	35 39 9 17
1104	3 50 45 30
1105	47 41 33 30
1106	12 18 7 2
1107	38 31 17 26
1108	30 45 22 18
1109	34 5 4 46
1110	39 11 13 7
1111	26 43 36 21
1112	6 42 31 43
1113	45 5 40 50
1114	50 36 11 18
1115	20 16 33 46
1116	49 36 30 7
1117	35 14 13 44
1118	38 12 10 39
1119	10 42 50 15
1120	33 17 44 21
1121	15 23 31 41
1122	37 38 19 24
1123	6 44 47 22
1124	18 6 12 5
1125	39 17 19 22
1126	17 45 31 4
1127	25 38 28 12
1128	49 15 37 22
1129	34 19 48 41
1130	7 34 1 47
1131	41 14 40 50
1132	25 5 22 21
1133	26 41 33 45
1134	49 50 2 16
1135	12 35 37 45
1136	26 35 10 28
1137	15 24 44 6
1138	21 10 26 45
1139	30 35 3 37
1140	18 10 48 44
1141	8 44 23 42
1142	27 44 19 31
1143	28 10 38 42
1144	14 35 8 22
1145	9 16 27 4
1146	7 6 26 21
1147	24 29 20 34
1148	19 15 43 32
1149	46 11 37 48
1150	15 16 32 6
1151	28 31 34 1
1152	1 37 48 16
1153	19 7 9 11
1154	50 34 4 11
1155	30 12 24 5
1156	26 17 19 47
1157	30 25 42 34
1158	25 27 40 36
1159	3 13 44 2
1160	11 22 34 17
1161	38 15 20 23
1162	13 21 26 46
1163	44 30 31 37
1164	8 15 27 17
1165	44 41 32 29
1166	1 10 35 50
1167	48 34 1 47
1168	25 48 43 16
1169	5 23 34 20
1170	26 18 10 38
1171	13 24 22 9
1172	44 15 46 43
1173	29 36 41 28
1174	2 15 44 17
1175	24 19 9 48
1176	15 32 45 6
1177	22 34 38 29
1178	15 31 7 21
1179	37 16 30 15
1180	43 1 23 31
1181	41 23 44 12
1182	10 49 24 30
1183	14 11 21 12
1184	41 48 23 10
1185	2 44 36 35
1186	39 45 29 33
1187	4 3 12 22
1188	2 6 49 38
1189	9 47 10 13
1190	9 48 38 25
1191	49 42 36 32
1192	42 1 45 25
1193	34 29 32 8
1194	34 31 39 25
1195	39 28 43 15
1196	50 8 34 19
1197	18 50 2 10
1198	31 45 19 4
1199	47 13 24 3
1200	2 31 22 26
1201	37 45 1 50
1202	45 18 28 11
1203	28 6 15 24
1204	42 23 31 24
1205	4 50 25 48
1206	49 23 50 5
1207	22 1 10 12
1208	24 31 39 17
1209	28 33 29 9
1210	31 41 48 19
1211	36 49 16 19
1212	20 29 18 17
1213	46 8 31 15
1214	28 7 23 31
1215	33 4 28 24
1216	26 35 38 14
1217	14 1 4 33
1218	8 40 46 15
1219	25 1 18 6
1220	35 11 36 27
1221	31 39 3 50
1222	41 43 11 49
1223	2 40 30 13
1224	47 24 27 23
1225	26 4 9 44
1226	40 8 20 26
1227	28 30 29 19
1228	16 21 39 32
1229	46 17 19 36
1230	48 12 16 1
1231	43 35 24 7
1232	18 47 8 32
1233	19 34 42 12
1234	9 4 16 10
1235	37 29 10 20
1236	13 20 45 28
1237	27 50 3 31
1238	27 12 20 13
1239	9 22 11 19
1240	40 20 8 33
1241	37 7 35 15
1242	37 41 1 23
1243	9 41 43 7
1244	11 36 38 47
1245	41 16 48 28
1246	18 25 20 26
1247	18 29 47 1
1248	1 21 24 28
1249	35 13 29 39
1250	6 23 1 29
1251	25 24 1 10
1252	38 49 12 19
1253	1 43 3 9
1254	29 44 47 25
1255	44 47 46 1
1256	9 33 43 17
1257	28 4 30 27
1258	26 25 1 9
1259	24 13 23 34
1260	24 26 46 48
1261	37 4 50 36
1262	28 50 40 26
1263	28 16 10 6
1264	29 37 32 39
1265	17 23 30 11
1266	30 20 2 15
1267	25 44 17 38
1268	3 10 5 18
1269	12 40 19 27
1270	47 1 9 37
1271	37 43 40 11
1272	37 3 43 35
1273	41 2 31 33
1274	20 14 39 28
1275	44 20 23 12
1276	13 8 39 27
1277	39 5 36 11
1278	48 6 1 44
1279	48 35 15 19
1280	7 31 12 21
1281	19 16 6 4
1282	39 7 44 31
1283	42 28 4 32
1284	10 4 48 14
1285	37 26 47 5
1286	45 39 11 9
1287	21 26 6 13
1288	36 11 31 17
1289	6 8 22 33
1290	1 9 13 36
1291	41 26 23 39
1292	5 48 44 19
1293	22 40 25 7
1294	27 43 7 28
1295	14 30 40 47
1296	3 22 43 40
1297	7 43 46 26
1298	25 41 6 9
1299	4 22 13 16
1300	10 40 33 11
1301	37 50 27 16
1302	3 33 9 13
1303	12 48 14 17
1304	2 32 21 4
1305	33 45 36 2
1306	41 47 37 44
1307	44 30 9 32
1308	45 47 32 42
1309	45 36 17 33
1310	8 47 50 48
1311	49 3 16 43
1312	2 22 44 46
1313	39 46 12 38
1314	39 48 46 4
1315	27 49 50 37
1316	1 43 26 12
1317	3 39 41 29
1318	21 8 46 9
1319	44 32 20 33
1320	27 16 37 6
1321	10 1 9 20
1322	11 12 47 10
1323	26 34 3 5
1324	20 42 25 12
1325	36 10 27 30
1326	9 11 24 23
1327	11 37 49 26
1328	27 48 44 3
1329	41 5 1 17
1330	34 42 32 27
1331	12 40 35 38
1332	49 16 35 31
1333	34 44 26 47
1334	16 44 6 14
1335	22 19 1 3
1336	30 50 38 7
1337	39 48 27 15
1338	37 17 16 21
1339	5 30 9 23
1340	22 2 7 46
1341	4 48 9 37
1342	39 14 5 3
1343	9 12 7 33
1344	30 42 5 46
1345	43 37 22 44
1346	28 2 6 15
1347	25 34 14 3
1348	7 35 8 27
1349	38 50 44 4
1350	48 4 27 7
1351	39 20 17 48
1352	43 37 20 33
1353	17 33 20 47
1354	34 11 43 13
1355	47 44 48 23
1356	4 27 19 26
1357	13 9 11 35
1358	2 20 17 30
1359	27 12 48 46
1360	44 17 33 7
1361	42 29 37 48
1362	37 39 16 32
1363	23 26 45 48
1364	5 25 44 21
1365	15 49 6 4
1366	26 12 5 33
1367	7 36 42 46
1368	38 48 37 19
1369	5 30 4 1
1370	42 21 50 16
1371	50 2 32 7
1372	46 3 40 37
1373	27 19 48 37
1374	47 11 42 24
1375	35 22 12 6
1376	3 15 12 13
1377	25 42 5 20
1378	34 41 50 3
1379	10 32 20 8
1380	33 2 8 35
1381	14 22 35 4
1382	24 14 2 1
1383	26 41 9 25
1384	9 7 33 15
1385	44 31 43 18
1386	42 33 15 40
1387	40 7 26 32
1388	21 36 22 47
1389	34 1 40 23
1390	30 21 32 10
1391	45 48 9 14
1392	2 19 17 1
1393	29 34 5 8
1394	31 50 11 36
1395	16 22 9 49
1396	14 18 23 33
1397	7 28 26 6
1398	18 26 1 6
1399	3 2 31 36
1400	26 33 10 6
1401	2 42 26 5
1402	41 39 21 8
1403	19 46 18 44
1404	13 6 8 37
1405	10 38 32 14
1406	36 14 19 2
1407	23 22 50 40
1408	30 6 22 47
1409	24 36 27 43
1410	23 19 31 38
1411	50 7 41 23
1412	37 17 29 28
1413	7 41 29 8
1414	48 50 1 19
1415	25 13 21 17
1416	33 5 43 29
1417	2 44 37 17
1418	44 11 1 40
1419	21 29 50 45
1420	17 28 45 24
1421	48 16 10 4
1422	44 32 11 5
1423	18 15 10 31
1424	10 48 34 21
1425	38 9 10 45
1426	10 39 30 8
1427	32 31 18 8
1428	10 6 22 4
1429	40 36 49 32
1430	41 48 26 11
1431	4 2 7 16
1432	47 9 35 2
1433	32 45 26 43
1434	7 23 22 36
1435	24 17 37 39
1436	5 3 42 35
1437	10 48 32 4
1438	11 41 38 17
1439	39 47 38 26
1440	20 7 44 50
1441	5 30 41 2
1442	46 36 1 34
1443	47 16 4 23
1444	15 45 10 5
1445	12 30 21 36
1446	32 38 43 49
1447	4 44 23 40
1448	14 19 15 42
1449	50 19 12 46
1450	37 24 3 8
1451	2 48 29 28
1452	2 28 7 38
1453	7 15 48 50
1454	3 6 22 4
1455	42 49 46 31
1456	39 32 27 10
1457	7 28 11 16
1458	19 46 11 13
1459	47 13 34 14
1460	40 14 50 10
1461	49 44 26 38
1462	7 2 36 29
1463	13 44 48 10
1464	29 40 32 7
1465	13 44 47 39
1466	34 45 41 50
1467	6 46 21 31
1468	47 13 7 46
1469	11 24 35 28
1470	11 18 7 23
1471	22 24 18 33
1472	30 19 23 1
1473	16 9 4 17
1474	5 47 49 39
1475	37 1 45 19
1476	31 17 25 9
1477	30 12 26 49
1478	15 37 38 16
1479	46 49 47 30
1480	17 7 48 12
1481	16 6 19 48
1482	31 17 36 39
1483	38 17 35 33
1484	38 20 30 18
1485	4 7 18 22
1486	40 23 30 9
1487	25 21 15 28
1488	35 10 23 47
1489	33 35 3 47
1490	15 8 12 50
1491	20 49 41 6
1492	8 37 1 21
1493	42 50 12 29
1494	26 41 43 10
1495	9 25 17 50
1496	35 17 25 15
1497	39 14 6 35
1498	32 40 12 43
1499	4 1 38 11
1500	2 9 38 23
1501	8 25 30 31
1502	45 23 7 6
1503	22 33 21 32
1504	34 14 25 2
1505	15 28 2 21
1506	36 39 20 5
1507	28 47 39 23
1508	15 29 45 44
1509	14 8 23 43
1510	48 6 9 17
1511	50 40 9 22
1512	2 18 44 4
1513	10 39 49 4
1514	29 47 14 30
1515	47 42 48 30
1516	23 39 25 4
1517	42 9 7 50
1518	42 8 9 13
1519	14 47 40 6
1520	22 19 25 27
1521	16 15 8 34
1522	3 39 21 29
1523	26 16 38 40
1524	45 50 20 43
1525	37 28 45 39
1526	21 24 48 47
1527	36 4 12 40
1528	49 41 10 31
1529	37 7 47 31
1530	1 32 35 6
1531	23 5 24 31
1532	8 47 5 36
1533	11 20 43 1
1534	37 44 18 33
1535	11 3 41 23
1536	45 25 49 13
1537	24 22 17 28
1538	11 18 26 31
1539	30 34 35 14
1540	6 19 5 22
1541	40 18 14 6
1542	28 14 11 15
1543	29 9 44 32
1544	34 27 30 18
1545	48 36 29 49
1546	41 18 13 16
1547	22 31 3 2
1548	36 23 45 9
1549	31 39 9 30
1550	22 12 32 47
1551	28 31 47 41
1552	43 1 42 35
1553	33 5 21 34
1554	20 1 4 30
1555	29 24 4 7
1556	39 20 31 42
1557	25 19 10 44
1558	9 18 6 29
1559	35 22 28 20
1560	32 42 36 24
1561	44 20 13 50
1562	31 37 40 45
1563	50 36 17 43
1564	17 1 20 5
1565	50 23 31 15
1566	5 42 49 22
1567	2 40 26 37
1568	13 24 37 46
1569	15 17 2 10
1570	29 20 6 46
1571	35 7 30 1
1572	19 14 9 43
1573	47 38 44 3
1574	37 1 45 33
1575	15 1 27 2
1576	16 39 2 8
1577	45 49 14 12
1578	42 44 32 9
1579	6 38 9 15
1580	39 34 33 9
1581	17 50 25 43
1582	6 29 30 3
1583	40 34 4 45
1584	13 47 23 39
1585	43 27 2 48
1586	42 48 23 31
1587	23 46 34 17
1588	26 47 50 39
1589	17 37 34 5
1590	31 4 19 45
1591	44 43 2 23
1592	11 5 45 36
1593	27 41 40 34
1594	10 43 27 41
1595	17 36 46 7
1596	31 2 26 47
1597	48 9 29 33
1598	34 42 22 41
1599	5 8 26 47
1600	20 3 26 8
1601	22 14 11 6
1602	34 6 1 16
1603	31 36 30 6
1604	17 25 10 34
1605	47 14 9 30
1606	49 14 21 9
1607	5 10 46 31
1608	32 31 26 15
1609	3 9 39 33
1610	19 43 8 3
1611	37 31 35 7
1612	43 30 47 7
1613	7 26 44 21
1614	42 4 37 41
1615	7 3 19 24
1616	35 8 37 25
1617	8 26 47 2
1618	50 2 36 34
1619	32 38 34 41
1620	45 28 21 14
1621	24 43 16 33
1622	14 15 31 18
1623	49 8 31 26
1624	23 41 33 35
1625	41 30 50 31
1626	6 32 48 9
1627	45 23 43 44
1628	19 9 5 28
1629	48 11 18 6
1630	28 17 12 10
1631	46 29 20 16
1632	5 45 40 33
1633	40 22 50 1
1634	41 29 15 28
1635	34 24 12 47
1636	16 23 44 18
1637	28 7 43 30
1638	36 31 35 37
1639	49 17 27 38
1640	17 11 49 7
1641	26 47 46 12
1642	27 45 35 44
1643	14 18 30 39
1644	6 14 7 8
1645	40 13 6 1
1646	28 7 20 4
1647	34 23 22 27
1648	34 40 19 18
1649	19 42 14 31
1650	45 8 39 34
1651	22 9 46 12
1652	45 49 33 38
1653	36 17 25 14
1654	26 43 20 38
1655	35 30 40 46
1656	2 22 5 26
1657	17 49 37 46
1658	17 47 23 27
1659	9 50 17 27
1660	33 30 14 13
1661	43 21 8 26
1662	14 8 19 10
1663	24 18 20 21
1664	10 22 40 18
1665	13 8 2 44
1666	26 7 23 20
1667	25 26 1 44
1668	40 37 16 44
1669	34 30 45 29
1670	1 25 18 13
1671	12 26 25 43
1672	30 5 21 42
1673	1 3 36 7
1674	13 40 30 50
1675	43 38 15 26
1676	44 46 42 15
1677	21 17 36 24
1678	7 3 1 9
1679	50 18 8 45
1680	37 31 30 38
1681	50 40 35 6
1682	23 24 18 33
1683	6 33 19 12
1684	17 34 31 26
1685	7 11 31 5
1686	46 23 10 14
1687	30 5 42 41
1688	41 23 24 28
1689	34 25 47 10
1690	48 28 13 8
1691	29 7 31 23
1692	32 39 29 44
1693	31 13 19 4
1694	4 48 30 14
1695	20 6 21 25
1696	9 16 45 31
1697	35 18 22 36
1698	37 12 28 36
1699	23 44 50 2
1700	14 35 7 27
1701	9 49 15 27
1702	18 45 23 34
1703	41 18 31 11
1704	42 7 3 33
1705	49 19 15 43
1706	13 21 15 37
1707	9 10 15 42
1708	48 46 5 43
1709	17 9 35 3
1710	3 17 2 50
1711	31 26 23 19
1712	35 15 7 24
1713	2 8 33 18
1714	34 12 1 36
1715	12 20 1 11
1716	17 20 12 42
1717	24 47 5 6
1718	8 31 7 25
1719	23 24 19 5
1720	1 21 5 24
1721	19 34 18 37
1722	1 42 17 44
1723	18 31 32 43
1724	10 11 31 25
1725	32 30 23 8
1726	3 2 24 13
1727	8 11 32 38
1728	11 34 17 20
1729	19 9 24 46
1730	37 5 6 29
1731	3 22 19 11
1732	50 22 34 37
1733	1 48 18 35
1734	35 4 11 42
1735	50 4 13 7
1736	20 5 35 25
1737	3 2 23 46
1738	3 9 49 14
1739	39 50 49 3
1740	33 21 36 27
1741	8 38 11 33
1742	42 22 9 4
1743	29 50 2 34
1744	19 22 31 20
1745	36 37 8 43
1746	15 1 45 4
1747	42 40 13 20
1748	28 46 4 2
1749	13 9 31 24
1750	19 41 7 27
1751	44 30 48 36
1752	46 12 24 36
1753	26 28 50 17
1754	16 50 6 28
1755	20 41 43 10
1756	18 17 13 19
1757	20 25 45 12
1758	12 25 30 46
1759	30 10 1 39
1760	33 41 29 4
1761	6 22 28 40
1762	17 27 37 10
1763	19 47 26 23
1764	19 9 38 46
1765	10 36 14 33
1766	25 44 23 34
1767	31 43 8 34
1768	7 44 21 32
1769	46 25 12 47
1770	41 14 5 11
1771	28 36 11 21
1772	46 3 30 35
1773	38 48 46 15
1774	24 14 38 16
1775	34 2 24 6
1776	31 24 4 28
1777	1 27 22 4
1778	39 25 45 26
1779	21 35 17 46
1780	17 50 19 8
1781	30 40 18 38
1782	13 21 32 3
1783	36 41 50 48
1784	39 21 24 41
1785	33 10 23 15
1786	36 44 49 28
1787	38 24 9 22
1788	20 26 5 11
1789	32 20 23 50
1790	8 12 31 44
1791	24 6 50 45
1792	36 12 29 24
1793	6 42 15 26
1794	32 27 18 24
1795	31 2 6 11
1796	22 8 3 50
1797	35 38 17 31
1798	45 9 13 50
1799	3 38 30 44
1800	39 20 5 26
1801	45 39 2 12
1802	2 6 35 14
1803	6 39 28 2
1804	35 15 4 41
1805	41 23 26 22
1806	38 12 17 25
1807	15 4 14 16
1808	20 4 21 39
1809	34 50 8 39
1810	50 28 34 41
1811	36 28 32 17
1812	41 22 45 36
1813	18 15 30 44
1814	42 8 5 40
1815	7 12 2 44
1816	18 30 14 2
1817	18 50 13 39
1818	47 20 15 44
1819	29 37 28 6
1820	3 37 13 15
1821	32 46 34 35
1822	22 37 39 21
1823	19 17 38 13
1824	10 35 28 21
1825	3 14 15 19
1826	40 24 50 17
1827	43 30 1 8
1828	48 21 35 22
1829	3 13 15 24
1830	15 23 27 42
1831	37 12 41 7
1832	27 3 37 39
1833	44 48 8 43
1834	6 4 28 15
1835	18 17 44 1
1836	41 45 9 44
1837	16 25 27 24
1838	48 35 9 6
1839	16 21 34 22
1840	33 34 31 25
1841	27 14 23 34
1842	5 3 27 8
1843	48 27 50 7
1844	39 37 34 16
1845	13 11 41 37
1846	24 4 47 9
1847	35 28 2 15
1848	24 10 23 38
1849	8 9 14 19
1850	4 32 30 15
1851	9 45 5 32
1852	3 34 11 25
1853	12 46 49 19
1854	12 41 38 8
1855	37 35 12 29
1856	45 22 36 48
1857	9 16 45 33
1858	49 6 30 10
1859	28 11 46 3
1860	34 33 46 16
1861	36 18 30 1
1862	46 7 35 6
1863	49 27 44 35
1864	45 14 34 4
1865	35 3 21 30
1866	25 34 22 4
1867	47 23 42 45
1868	28 42 8 44
1869	31 40 1 37
1870	45 28 8 17
1871	8 4 38 45
1872	44 28 16 25
1873	2 4 39 18
1874	5 20 6 24
1875	22 49 25 23
1876	19 46 15 29
1877	11 41 1 30
1878	15 50 7 13
1879	22 23 9 2
1880	38 19 36 24
1881	5 37 40 48
1882	41 2 47 45
1883	40 44 45 32
1884	1 49 40 9
1885	14 1 5 3
1886	20 41 6 16
1887	50 7 14 4
1888	49 13 22 41
1889	13 37 4 9
1890	18 8 31 32
1891	30 13 45 48
1892	18 30 46 6
1893	14 48 5 27
1894	9 27 35 7
1895	37 35 39 22
1896	21 4 37 27
1897	46 7 19 28
1898	24 32 38 9
1899	8 10 46 14
1900	9 31 48 34
1901	29 20 43 49
1902	16 38 29 4
1903	34 11 21 10
1904	28 47 25 39
1905	41 17 38 43
1906	38 21 32 30
1907	13 47 11 39
1908	29 34 26 6
1909	22 20 12 23
1910	29 12 14 19
1911	30 36 26 18
1912	14 37 3 1
1913	47 31 4 30
1914	6 12 17 29
1915	49 9 39 48
1916	3 45 27 48
1917	9 21 40 3
1918	41 39 18 42
1919	43 2 38 28
1920	42 11 10 31
1921	7 31 25 4
1922	7 18 16 4
1923	40 44 14 39
1924	17 2 29 45
1925	44 38 13 41
1926	4 36 33 47
1927	6 41 7 12
1928	39 40 8 29
1929	17 28 42 39
1930	35 21 8 20
1931	15 41 32 11
1932	7 50 36 25
1933	13 44 6 35
1934	48 27 2 6
1935	15 2 41 44
1936	50 15 13 47
1937	12 47 26 14
1938	9 29 42 19
1939	26 2 6 14
1940	31 30 2 20
1941	20 28 46 2
1942	40 28 48 13
1943	36 17 49 24
1944	14 31 30 32
1945	10 17 40 26
1946	25 30 8 22
1947	33 23 25 27
1948	2 11 43 7
1949	43 34 38 48
1950	23 6 41 46
1951	20 11 22 28
1952	12 41 21 17
1953	7 47 3 50
1954	49 30 19 27
1955	30 29 14 27
1956	46 26 24 4
1957	27 32 40 3
1958	42 15 33 37
1959	36 49 19 46
1960	50 12 43 19
1961	7 38 43 21
1962	35 48 32 18
1963	38 34 15 26
1964	7 5 32 22
1965	24 28 45 18
1966	4 41 30 29
1967	20 9 48 21
1968	11 44 18 16
1969	45 12 21 32
1970	48 30 46 3
1971	20 40 27 10
1972	35 20 45 46
1973	39 31 19 42
1974	12 14 47 5
1975	26 5 25 9
1976	20 24 40 47
1977	50 1 37 10
1978	45 8 10 29
1979	2 6 5 42
1980	9 34 12 32
1981	50 2 23 22
1982	37 39 19 43
1983	42 8 38 47
1984	36 5 20 17
1985	49 1 45 23
1986	33 8 40 24
1987	45 29 18 21
1988	41 31 8 24
1989	25 12 36 39
1990	7 15 2 50
1991	35 30 19 6
1992	10 38 22 8
1993	28 8 29 49
1994	6 38 8 41
1995	3 20 23 7
1996	35 2 21 27
1997	39 18 37 7
1998	36 28 33 38
1999	44 17 3 46
2000	22 45 21 39
2001	27 16 1 5
2002	1 25 11 23
2003	19 1 18 21
2004	3 32 35 48
2005	38 10 27 9
2006	27 18 22 24
2007	24 19 2 4
2008	41 13 12 21
2009	11 50 37 16
2010	43 27 26 3
2011	38 5 4 46
2012	32 48 4 50
2013	35 23 47 41
2014	6 17 23 9
2015	48 28 50 39
2016	18 35 19 4
2017	14 22 27 33
2018	31 30 5 8
2019	34 23 2 26
2020	48 36 1 2
2021	16 49 10 23
2022	29 6 43 34
2023	28 39 5 9
2024	28 10 1 12
2025	18 31 29 40
2026	28 47 38 8
2027	18 17 50 29
2028	32 35 7 18
2029	29 49 31 5
2030	14 21 26 9
2031	48 16 11 30
2032	50 24 11 16
2033	46 31 3 26
2034	32 10 30 39
2035	27 16 42 33
2036	34 46 1 3
2037	44 22 7 30
2038	11 16 9 14
2039	16 48 33 36
2040	34 23 36 22
2041	16 48 34 40
2042	37 29 41 9
2043	16 3 11 28
2044	23 8 49 7
2045	41 32 29 14
2046	46 9 37 32
2047	39 19 48 23
2048	14 28 48 34
2049	32 16 11 50
2050	7 2 41 13
2051	3 35 17 21
2052	32 21 46 25
2053	14 12 37 49
2054	38 28 35 26
2055	1 28 29 41
2056	6 25 1 50
2057	35 8 9 17
2058	46 41 45 12
2059	27 5 38 32
2060	37 42 43 17
2061	19 46 13 32
2062	1 46 25 12
2063	10 3 46 41
2064	16 10 47 34
2065	32 1 10 47
2066	26 49 16 44
2067	41 8 12 40
2068	4 34 2 25
2069	22 6 50 2
2070	13 34 3 12
2071	2 37 21 36
2072	37 9 45 22
2073	42 11 25 48
2074	42 45 43 38
2075	14 17 15 34
2076	38 29 10 39
2077	1 8 32 35
2078	27 14 6 7
2079	4 44 43 9
2080	30 23 14 2
2081	1 20 31 25
2082	13 22 37 38
2083	28 44 32 27
2084	47 7 48 31
2085	13 45 43 34
2086	21 5 13 40
2087	42 5 2 38
2088	42 28 17 27
2089	9 15 27 3
2090	32 1 9 12
2091	40 46 20 4
2092	7 49 24 33
2093	37 29 23 3
2094	27 41 11 13
2095	7 15 31 9
2096	23 32 31 49
2097	37 14 19 9
2098	39 37 23 30
2099	34 29 12 11
2100	17 24 42 2
2101	46 30 44 35
2102	7 48 47 45
2103	14 4 8 30
2104	33 47 40 23
2105	5 46 1 19
2106	5 50 28 49
2107	33 1 31 30
2108	32 20 7 19
2109	7 12 32 5
2110	25 23 44 37
2111	17 31 28 34
2112	2 40 38 4
2113	21 44 29 1
2114	8 4 7 48
2115	7 10 22 25
2116	39 23 48 38
2117	7 12 34 31
2118	41 50 18 20
2119	17 28 35 24
2120	43 34 30 40
2121	4 39 48 22
2122	10 47 50 34
2123	3 7 24 22
2124	24 21 16 18
2125	30 3 9 6
2126	48 25 24 17
2127	37 11 5 4
2128	35 8 36 43
2129	21 40 28 12
2130	24 42 12 39
2131	24 13 49 26
2132	48 5 37 18
2133	46 32 11 40
2134	36 38 12 15
2135	1 17 9 44
2136	41 23 48 47
2137	50 8 6 12
2138	24 39 14 13
2139	3 28 32 15
2140	23 16 30 15
2141	10 11 50 35
2142	41 30 23 12
2143	46 31 24 4
2144	44 18 3 23
2145	50 20 13 9
2146	38 16 45 7
2147	21 24 14 12
2148	5 35 19 40
2149	13 5 45 30
2150	44 5 37 22
2151	32 39 19 10
2152	28 29 12 17
2153	45 39 21 6
2154	3 47 22 34
2155	27 37 48 28
2156	28 34 23 45
2157	36 38 41 45
2158	18 17 26 40
2159	31 8 47 19
2160	14 44 36 34
2161	49 16 33 25
2162	15 3 35 12
2163	49 27 11 17
2164	43 34 26 49
2165	10 41 11 19
2166	22 36 25 16
2167	45 21 48 5
2168	36 19 31 3
2169	6 7 37 1
2170	44 18 49 39
2171	25 28 34 11
2172	14 23 46 34
2173	40 5 2 1
2174	10 4 50 38
2175	10 16 6 9
2176	50 19 27 36
2177	13 3 29 32
2178	50 26 10 3
2179	8 40 25 28
2180	44 13 7 49
2181	17 1 37 34
2182	44 33 19 45
2183	6 37 4 14
2184	25 50 14 44
2185	11 50 31 19
2186	13 48 28 23
2187	47 32 23 14
2188	15 41 49 25
2189	21 15 4 37
2190	32 44 18 16
2191	31 45 50 24
2192	14 43 42 22
2193	48 15 34 33
2194	1 24 9 22
2195	2 4 46 47
2196	17 36 2 38
2197	6 42 23 12
2198	17 39 9 6
2199	37 8 22 18
2200	15 19 45 22
2201	7 9 42 15
2202	39 33 8 34
2203	32 45 7 25
2204	33 5 29 44
2205	9 44 14 25
2206	2 14 48 20
2207	40 17 30 42
2208	46 19 33 6
2209	26 7 30 45
2210	47 10 21 25
2211	46 50 1 8
2212	38 23 28 50
2213	41 48 42 11
2214	45 16 21 19
2215	11 17 27 37
2216	39 6 28 9
2217	5 7 22 25
2218	18 10 32 23
2219	38 47 4 9
2220	25 42 21 27
2221	2 44 37 3
2222	40 19 20 8
2223	13 24 12 46
2224	9 24 14 25
2225	2 4 50 46
2226	8 2 6 36
2227	36 24 14 2
2228	15 42 14 19
2229	12 38 2 1
2230	28 2 11 43
2231	13 35 1 18
2232	40 30 5 22
2233	33 15 14 49
2234	18 50 4 38
2235	17 18 48 23
2236	3 48 43 17
2237	41 38 6 25
2238	49 8 22 36
2239	46 18 44 49
2240	21 36 43 38
2241	45 27 19 26
2242	11 20 2 4
2243	34 25 41 4
2244	26 4 27 3
2245	15 43 42 24
2246	8 47 43 11
2247	24 36 15 42
2248	26 46 25 35
2249	37 28 18 44
2250	13 37 3 42
2251	9 46 19 47
2252	22 43 29 24
2253	1 4 24 34
2254	49 6 40 19
2255	42 10 43 14
2256	47 10 25 50
2257	2 44 34 27
2258	21 43 34 11
2259	37 8 28 30
2260	6 50 8 7
2261	2 25 9 17
2262	40 28 13 35
2263	39 41 31 49
2264	12 2 36 18
2265	3 36 7 41
2266	10 43 5 2
2267	37 8 11 27
2268	16 49 13 31
2269	39 19 15 38
2270	27 18 13 36
2271	17 38 6 45
2272	42 8 10 14
2273	38 20 13 25
2274	32 33 18 10
2275	19 8 42 48
2276	18 45 42 33
2277	5 47 9 31
2278	35 18 38 11
2279	38 32 9 25
2280	37 13 26 2
2281	12 33 40 25
2282	45 23 15 42
2283	15 6 3 11
2284	15 21 41 45
2285	45 20 49 46
2286	39 6 10 18
2287	33 27 35 31
2288	43 33 13 35
2289	1 34 11 15
2290	9 20 39 1
2291	1 45 32 20
2292	48 41 13 3
2293	6 43 7 26
2294	10 5 17 29
2295	34 4 32 41
2296	7 27 6 22
2297	15 50 22 28
2298	38 8 11 23
2299	19 26 5 8
2300	19 49 37 41
2301	18 20 12 31
2302	47 18 13 27
2303	10 30 38 37
2304	29 28 25 4
2305	49 37 35 19
2306	45 32 16 17
2307	20 49 35 31
2308	27 36 33 3
2309	44 11 23 33
2310	35 20 18 14
2311	2 44 35 42
2312	30 39 2 42
2313	13 35 36 12
2314	25 47 7 23
2315	35 32 16 17
2316	27 9 44 16
2317	1 27 41 33
2318	34 27 4 19
2319	10 26 9 44
2320	35 10 24 43
2321	45 26 48 2
2322	39 32 16 37
2323	6 40 42 7
2324	13 25 48 1
2325	20 21 43 8
2326	4 8 40 1
2327	32 36 22 5
2328	24 36 10 19
2329	13 43 47 41
2330	44 24 13 45
2331	37 5 32 10
2332	15 37 9 47
2333	37 35 36 29
2334	14 3 47 15
2335	29 47 50 37
2336	11 39 37 4
2337	2 30 24 40
2338	10 45 6 17
2339	15 32 42 22
2340	20 17 14 18
2341	41 27 31 46
2342	21 10 20 41
2343	29 10 21 17
2344	22 17 24 23
2345	36 32 30 43
2346	31 1 6 33
2347	46 28 16 5
2348	14 42 2 21
2349	41 1 42 31
2350	47 32 34 16
2351	16 30 26 9
2352	2 14 8 28
2353	10 41 30 2
2354	37 21 11 46
2355	31 18 11 40
2356	3 16 25 2
2357	42 17 27 47
2358	38 10 47 1
2359	28 9 38 46
2360	48 11 25 46
2361	9 18 38 41
2362	22 3 7 13
2363	31 41 1 38
2364	12 4 21 8
2365	48 41 14 12
2366	48 30 39 47
2367	17 29 30 36
2368	6 42 32 3
2369	44 16 3 12
2370	48 14 50 31
2371	25 7 24 2
2372	30 28 24 37
2373	13 18 3 29
2374	1 27 25 11
2375	34 50 35 33
2376	30 18 17 49
2377	25 23 39 44
2378	33 35 2 18
2379	2 50 44 21
2380	30 20 43 38
2381	15 32 12 23
2382	36 47 30 25
2383	33 31 2 42
2384	12 36 28 1
2385	21 15 41 33
2386	13 36 2 3
2387	13 46 48 12
2388	1 44 29 42
2389	11 10 2 35
2390	15 34 37 23
2391	4 9 27 6
2392	2 50 49 19
2393	39 45 41 33
2394	48 28 20 30
2395	28 48 43 49
2396	14 22 20 2
2397	30 36 34 31
2398	1 30 35 34
2399	49 4 36 41
2400	28 29 24 22
2401	43 42 4 25
2402	20 34 1 7
2403	12 18 13 46
2404	35 1 46 39
2405	37 23 36 48
2406	47 16 14 42
2407	46 32 39 28
2408	49 16 23 21
2409	6 22 20 32
2410	15 27 5 14
2411	16 38 49 4
2412	15 47 2 18
2413	37 39 11 32
2414	9 43 36 38
2415	12 17 3 18
2416	10 25 36 35
2417	4 40 48 10
2418	12 22 3 47
2419	44 25 49 38
2420	15 23 36 22
2421	19 43 10 3
2422	16 12 15 5
2423	22 25 1 5
2424	24 17 1 29
2425	19 3 46 21
2426	13 32 41 39
2427	14 45 2 49
2428	9 48 3 28
2429	5 39 45 44
2430	22 38 32 43
2431	22 19 8 30
2432	32 48 33 25
2433	7 44 13 46
2434	20 49 1 21
2435	28 17 46 5
2436	14 34 35 15
2437	49 33 8 45
2438	36 2 39 46
2439	46 24 34 23
2440	37 20 45 42
2441	30 14 44 43
2442	19 20 43 38
2443	33 22 41 28
2444	17 3 48 41
2445	45 41 16 42
2446	24 12 47 40
2447	40 28 37 42
2448	24 42 27 35
2449	16 41 8 22
2450	2 35 29 5
2451	44 17 35 39
2452	44 20 26 34
2453	30 9 10 31
2454	48 20 2 8
2455	18 4 17 7
2456	35 49 50 40
2457	6 11 13 48
2458	23 29 7 9
2459	42 50 29 31
2460	6 37 17 29
2461	22 45 25 24
2462	5 18 10 12
2463	42 26 29 18
2464	50 20 42 24
2465	1 42 45 43
2466	9 20 37 7
2467	29 3 24 21
2468	21 27 16 19
2469	46 27 23 40
2470	2 32 1 36
2471	48 11 13 35
2472	18 41 8 15
2473	16 2 21 9
2474	11 5 2 34
2475	40 36 44 27
2476	41 50 48 36
2477	5 36 28 22
2478	16 10 38 36
2479	43 16 39 17
2480	49 45 8 28
2481	15 21 35 23
2482	49 35 34 10
2483	34 43 22 6
2484	24 7 2 28
2485	47 33 2 18
2486	31 43 39 26
2487	2 3 24 34
2488	38 22 45 26
2489	41 14 23 25
2490	48 29 44 12
2491	37 48 21 23
2492	42 44 41 28
2493	20 23 31 28
2494	22 33 17 41
2495	14 17 31 50
2496	29 26 42 35
2497	6 9 27 15
2498	14 26 33 8
2499	24 50 39 31
2500	21 8 4 37
2501	22 13 46 4
2502	31 48 32 15
2503	6 35 40 7
2504	43 28 26 38
2505	5 50 27 39
2506	17 49 4 6
2507	1 38 13 21
2508	38 33 21 23
2509	30 32 17 41
2510	15 28 17 47
2511	10 5 18 9
2512	48 1 25 7
2513	10 13 15 7
2514	49 24 5 17
2515	1 9 44 15
2516	21 41 28 24
2517	24 10 35 27
2518	46 6 48 21
2519	2 46 25 47
2520	14 32 49 21
2521	18 13 44 9
2522	12 1 20 39
2523	29 2 23 9
2524	17 26 2 22
2525	8 33 2 5
2526	8 4 40 23
2527	21 15 33 41
2528	39 44 15 2
2529	10 37 43 2
2530	6 47 7 10
2531	8 1 18 15
2532	10 49 18 41
2533	4 40 29 24
2534	17 35 13 24
2535	45 23 33 36
2536	26 20 18 45
2537	10 7 3 16
2538	12 50 40 26
2539	19 34 14 18
2540	2 35 44 16
2541	45 40 49 50
2542	8 12 11 23
2543	23 31 14 28
2544	20 34 7 18
2545	25 37 33 13
2546	20 17 23 28
2547	43 15 48 47
2548	24 2 29 42
2549	28 20 14 19
2550	48 35 19 13
2551	18 33 35 39
2552	37 40 6 39
2553	21 33 14 34
2554	13 21 44 14
2555	45 2 49 35
2556	36 17 50 44
2557	37 14 28 2
2558	20 6 36 17
2559	6 14 32 47
2560	41 28 6 10
2561	1 24 44 3
2562	9 17 18 1
2563	47 36 8 1
2564	3 29 2 23
2565	4 47 36 9
2566	29 19 10 12
2567	11 49 19 2
2568	15 34 48 8
2569	40 23 19 18
2570	32 2 26 36
2571	28 27 33 29
2572	20 9 18 42
2573	29 30 38 23
2574	19 13 16 33
2575	23 40 35 13
2576	17 42 7 46
2577	24 50 22 11
2578	43 29 19 21
2579	22 1 42 27
2580	5 46 24 6
2581	40 3 15 29
2582	4 27 37 48
2583	10 16 49 36
2584	40 48 9 1
2585	20 50 30 25
2586	8 32 48 6
2587	50 38 30 36
2588	50 45 41 37
2589	48 14 41 23
2590	9 45 46 43
2591	39 31 15 1
2592	21 44 12 29
2593	1 31 38 46
2594	31 25 45 4
2595	11 28 47 10
2596	10 42 44 7
2597	2 9 44 49
2598	26 22 29 17
2599	38 9 48 23
2600	18 25 43 34
2601	18 46 42 48
2602	35 28 4 39
2603	14 28 47 8
2604	41 33 2 48
2605	9 11 2 22
2606	19 8 18 12
2607	3 30 40 41
2608	29 15 1 27
2609	3 31 4 16
2610	3 36 47 50
2611	8 30 46 42
2612	4 8 22 36
2613	23 4 22 43
2614	26 25 46 9
2615	15 46 25 3
2616	16 2 8 13
2617	50 25 10 7
2618	16 9 18 7
2619	45 24 46 38
2620	16 18 50 22
2621	3 47 37 1
2622	29 46 1 12
2623	28 6 34 46
2624	48 20 43 16
2625	30 7 40 32
2626	10 22 47 5
2627	19 1 5 49
2628	3 10 33 45
2629	8 4 3 48
2630	15 6 33 19
2631	20 6 24 11
2632	13 3 32 14
2633	7 32 49 12
2634	31 35 19 41
2635	25 2 4 39
2636	48 40 17 45
2637	38 45 43 9
2638	28 22 35 20
2639	33 2 9 50
2640	13 27 50 2
2641	24 41 8 22
2642	32 36 44 45
2643	47 31 23 14
2644	19 24 35 47
2645	44 2 46 50
2646	44 40 21 18
2647	22 18 8 27
2648	42 2 5 21
2649	31 35 48 2
2650	35 44 40 19
2651	36 3 21 1
2652	33 16 47 7
2653	21 26 4 14
2654	31 26 49 12
2655	43 19 21 10
2656	21 5 35 27
2657	38 2 14 36
2658	8 47 33 32
2659	45 41 15 38
2660	1 30 44 32
2661	47 49 18 34
2662	13 48 30 26
2663	35 10 29 32
2664	22 33 4 29
2665	34 27 36 50
2666	43 30 29 21
2667	45 31 13 20
2668	17 21 41 33
2669	19 28 42 39
2670	21 31 12 49
2671	1 47 38 30
2672	41 25 23 27
2673	21 42 18 45
2674	29 14 40 30
2675	43 35 50 30
2676	33 30 41 49
2677	45 40 17 15
2678	49 15 21 39
2679	37 21 10 17
2680	42 1 13 28
2681	8 30 14 12
2682	13 30 36 29
2683	50 4 41 11
2684	44 22 7 3
2685	14 30 27 20
2686	5 33 47 34
2687	12 33 39 43
2688	43 34 22 38
2689	41 45 42 34
2690	44 22 42 24
2691	6 34 12 31
2692	6 26 40 49
2693	4 41 42 18
2694	23 31 50 1
2695	37 1 22 15
2696	20 48 38 39
2697	16 37 36 21
2698	15 4 37 44
2699	38 9 23 37
2700	43 27 10 30
2701	3 34 22 49
2702	49 36 20 14
2703	13 14 36 28
2704	4 30 18 2
2705	12 22 42 34
2706	31 10 28 34
2707	2 29 42 43
2708	32 4 6 46
2709	30 20 46 10
2710	31 22 9 47
2711	35 28 17 15
2712	32 39 10 9
2713	15 49 46 26
2714	20 8 14 6
2715	15 33 48 6
2716	42 32 35 16
2717	13 47 32 31
2718	49 25 14 17
2719	10 40 22 6
2720	8 26 42 40
2721	22 38 4 40
2722	17 4 18 25
2723	12 49 7 9
2724	11 26 24 21
2725	26 24 33 10
2726	7 45 46 16
2727	14 19 29 47
2728	11 42 21 9
2729	43 7 47 32
2730	41 42 34 12
2731	47 43 13 39
2732	21 3 30 1
2733	45 13 37 1
2734	5 30 47 44
2735	22 47 40 30
2736	4 44 32 5
2737	1 22 16 8
2738	34 22 45 11
2739	19 18 48 28
2740	21 30 47 20
2741	26 11 3 50
2742	48 16 22 39
2743	26 31 46 37
2744	18 13 6 23
2745	40 48 44 8
2746	38 17 14 23
2747	48 9 15 2
2748	2 8 44 13
2749	34 3 14 27
2750	34 39 30 37
2751	12 45 28 8
2752	12 23 48 32
2753	45 20 5 1
2754	21 44 50 14
2755	42 20 14 31
2756	3 14 39 18
2757	43 23 19 7
2758	39 25 17 49
2759	7 28 37 38
2760	26 49 33 1
2761	45 36 10 49
2762	16 28 5 45
2763	24 44 18 19
2764	29 1 9 44
2765	17 38 19 10
2766	18 50 36 16
2767	3 10 20 35
2768	10 31 2 48
2769	31 17 26 48
2770	12 50 20 16
2771	45 1 6 48
2772	36 20 42 2
2773	44 15 47 25
2774	39 10 43 22
2775	25 35 18 16
2776	30 42 7 21
2777	20 47 19 24
2778	29 18 23 30
2779	7 21 23 47
2780	16 37 17 7
2781	46 36 20 47
2782	10 48 29 26
2783	18 7 46 44
2784	19 32 14 42
2785	40 46 30 14
2786	35 8 21 31
2787	44 46 18 3
2788	13 27 41 23
2789	15 31 39 16
2790	42 2 32 19
2791	32 43 9 12
2792	40 7 28 5
2793	41 29 2 42
2794	7 31 42 35
2795	32 5 28 19
2796	4 5 31 32
2797	49 43 35 9
2798	34 14 38 22
2799	2 14 19 27
2800	43 5 2 29
2801	23 7 13 26
2802	39 6 31 46
2803	23 33 40 28
2804	17 37 50 23
2805	12 18 9 28
2806	28 45 23 1
2807	34 39 41 5
2808	38 11 13 25
2809	24 1 4 25
2810	33 20 15 5
2811	19 44 30 20
2812	16 5 21 26
2813	14 6 24 19
2814	43 38 41 35
2815	47 23 37 41
2816	28 5 24 30
2817	42 26 20 14
2818	20 39 49 21
2819	25 14 33 17
2820	42 50 20 36
2821	22 40 18 39
2822	40 4 35 8
2823	40 24 3 35
2824	13 22 40 14
2825	5 38 2 45
2826	17 31 35 50
2827	3 11 14 31
2828	25 40 15 35
2829	23 39 24 27
2830	15 35 7 6
2831	44 24 19 21
2832	20 26 4 8
2833	8 49 2 50
2834	25 13 9 38
2835	38 47 17 34
2836	42 5 3 24
2837	28 43 18 29
2838	42 41 39 29
2839	6 47 16 32
2840	3 48 49 42
2841	16 20 30 27
2842	12 48 40 5
2843	8 1 41 33
2844	32 28 39 5
2845	14 43 31 50
2846	6 41 34 42
2847	1 30 39 25
2848	38 13 42 20
2849	30 35 45 47
2850	20 27 16 15
2851	14 37 2 33
2852	32 38 45 8
2853	30 28 12 1
2854	38 33 22 11
2855	23 37 18 33
2856	2 15 26 16
2857	45 28 7 35
2858	23 10 47 19
2859	43 22 50 9
2860	1 48 26 23
2861	15 35 37 21
2862	16 15 42 20
2863	26 12 24 19
2864	24 9 23 43
2865	28 23 9 33
2866	31 29 30 35
2867	39 2 16 26
2868	19 27 36 13
2869	35 18 20 8
2870	40 20 12 8
2871	40 18 4 10
2872	9 16 31 3
2873	47 48 1 10
2874	31 43 30 49
2875	23 43 32 5
2876	35 43 13 4
2877	3 26 6 32
2878	45 44 2 11
2879	47 3 45 9
2880	50 40 16 6
2881	14 37 50 19
2882	27 47 9 35
2883	8 13 50 45
2884	26 25 44 33
2885	45 3 26 5
2886	10 37 23 2
2887	7 11 28 40
2888	27 13 46 20
2889	33 43 15 42
2890	29 16 46 27
2891	34 32 8 41
2892	18 48 32 23
2893	28 12 25 34
2894	30 8 13 45
2895	49 5 11 48
2896	27 32 40 46
2897	6 26 29 18
2898	15 23 19 3
2899	5 25 22 37
2900	13 40 4 29
2901	16 27 30 21
2902	16 40 44 25
2903	34 46 18 11
2904	47 38 12 41
2905	11 45 29 35
2906	34 13 50 31
2907	31 21 3 47
2908	5 45 21 31
2909	12 22 11 31
2910	23 31 39 6
2911	20 18 14 42
2912	27 36 32 29
2913	4 30 6 28
2914	33 5 34 11
2915	39 38 42 40
2916	26 40 27 36
2917	29 36 42 49
2918	26 27 10 16
2919	34 26 11 13
2920	23 15 49 16
2921	3 47 6 25
2922	20 4 6 35
2923	41 48 6 10
2924	19 15 14 47
2925	37 12 34 49
2926	25 38 23 33
2927	39 20 11 31
2928	6 15 48 26
2929	12 32 34 41
2930	36 45 6 19
2931	4 37 23 48
2932	38 26 22 34
2933	34 11 18 33
2934	49 18 1 6
2935	1 32 50 8
2936	23 41 4 38
2937	16 48 50 37
2938	24 12 13 37
2939	9 10 13 27
2940	4 24 10 27
2941	8 50 35 46
2942	11 44 33 32
2943	46 39 18 36
2944	15 8 34 17
2945	47 39 1 28
2946	13 25 49 5
2947	44 38 15 27
2948	19 46 49 21
2949	40 47 13 7
2950	32 40 15 10
2951	39 20 46 48
2952	34 47 39 5
2953	46 12 36 30
2954	23 33 41 25
2955	28 14 39 19
2956	46 26 13 32
2957	29 43 13 28
2958	22 33 44 12
2959	17 11 18 13
2960	40 26 48 13
2961	43 34 10 25
2962	16 43 13 18
2963	42 38 8 27
2964	21 14 11 44
2965	37 18 44 38
2966	21 7 12 40
2967	36 44 22 2
2968	32 39 34 40
2969	41 2 23 17
2970	34 14 41 18
2971	6 22 10 34
2972	12 37 16 23
2973	30 19 35 10
2974	26 8 25 19
2975	10 33 30 34
2976	5 34 16 44
2977	43 6 42 45
2978	7 41 19 20
2979	14 8 30 47
2980	31 33 8 4
2981	11 34 30 49
2982	28 50 20 29
2983	3 24 7 32
2984	17 42 12 14
2985	29 37 16 43
2986	43 50 8 30
2987	18 27 49 4
2988	44 32 23 41
2989	33 32 22 14
2990	39 29 4 25
2991	18 43 44 20
2992	21 27 18 12
2993	39 5 2 30
2994	16 41 26 15
2995	34 7 14 41
2996	39 49 25 44
2997	29 9 49 10
2998	46 14 21 25
2999	42 22 19 21
3000	29 20 15 9
3001	48 28 44 4
3002	28 37 10 16
3003	45 34 33 4
3004	29 9 10 46
3005	11 50 6 31
3006	33 46 9 3
3007	2 19 21 45
3008	27 41 20 38
3009	46 16 34 26
3010	13 45 35 34
3011	6 28 3 41
3012	19 38 16 11
3013	1 13 22 31
3014	44 41 37 32
3015	36 23 17 32
3016	10 16 8 49
3017	36 48 15 33
3018	37 10 27 4
3019	15 20 22 11
3020	18 6 25 9
3021	32 19 7 28
3022	50 27 37 10
3023	3 17 14 12
3024	22 14 5 35
3025	49 11 19 48
3026	44 14 12 3
3027	17 36 31 13
3028	21 3 4 22
3029	12 8 50 1
3030	18 28 43 5
3031	11 30 25 50
3032	30 2 39 43
3033	33 39 10 22
3034	34 42 33 14
3035	14 20 22 47
3036	20 36 33 3
3037	34 28 16 11
3038	13 24 47 37
3039	10 46 8 45
3040	26 33 41 13
3041	35 46 15 7
3042	38 41 46 24
3043	47 3 44 26
3044	46 6 43 23
3045	49 24 29 18
3046	31 40 20 32
3047	29 30 42 40
3048	2 32 6 9
3049	39 45 18 50
3050	6 32 34 26
3051	43 13 47 14
3052	11 35 42 38
3053	42 2 19 10
3054	13 36 21 12
3055	34 1 13 47
3056	40 1 17 2
3057	48 19 42 10
3058	32 44 31 24
3059	31 38 36 25
3060	10 38 23 37
3061	4 9 17 29
3062	36 28 8 23
3063	35 3 32 40
3064	43 13 40 2
3065	35 10 36 49
3066	37 48 16 36
3067	13 31 40 26
3068	11 10 20 26
3069	8 39 13 40
3070	37 26 30 12
3071	34 9 7 44
3072	40 34 35 33
3073	19 41 20 42
3074	27 15 47 50
3075	6 29 48 16
3076	7 6 43 39
3077	50 10 41 16
3078	50 49 47 2
3079	50 49 22 23
3080	39 1 29 10
3081	9 39 11 43
3082	35 43 42 48
3083	18 48 37 17
3084	17 31 9 26
3085	21 50 5 2
3086	49 30 36 4
3087	14 32 42 3
3088	29 31 28 47
3089	37 9 18 45
3090	8 23 50 27
3091	41 16 25 26
3092	17 49 19 11
3093	44 36 4 33
3094	26 32 15 43
3095	15 20 36 10
3096	10 12 18 1
3097	31 15 33 20
3098	34 42 38 3
3099	36 50 32 5
3100	35 50 8 36
3101	13 1 5 37
3102	46 23 4 21
3103	32 37 39 12
3104	40 24 6 17
3105	18 23 30 42
3106	5 4 30 35
3107	47 7 18 39
3108	9 19 42 34
3109	50 42 8 7
3110	41 50 19 32
3111	12 23 48 29
3112	36 39 26 22
3113	5 11 38 27
3114	26 11 49 25
3115	8 9 26 22
3116	42 50 48 25
3117	5 22 32 8
3118	48 8 34 33
3119	31 48 41 25
3120	48 32 2 29
3121	50 39 44 34
3122	35 50 25 18
3123	20 9 48 38
3124	40 33 49 1
3125	47 36 25 30
3126	49 3 6 42
3127	42 28 16 39
3128	22 47 31 28
3129	32 39 35 6
3130	39 22 9 21
3131	31 48 28 2
3132	7 35 29 11
3133	3 25 10 47
3134	5 28 45 17
3135	20 48 43 38
3136	24 8 33 40
3137	2 43 34 42
3138	16 10 30 21
3139	36 15 44 42
3140	41 5 8 28
3141	27 35 36 25
3142	26 35 8 47
3143	46 49 38 26
3144	38 22 46 12
3145	46 29 25 16
3146	24 9 30 14
3147	5 46 14 9
3148	7 44 21 12
3149	22 23 45 32
3150	30 15 39 7
3151	22 28 44 2
3152	1 18 39 20
3153	28 9 25 23
3154	38 18 9 14
3155	48 42 44 29
3156	12 8 43 37
3157	28 5 6 35
3158	24 21 29 46
3159	33 43 13 21
3160	1 35 10 34
3161	42 24 16 3
3162	16 5 1 21
3163	42 47 48 21
3164	16 44 22 14
3165	13 11 32 45
3166	45 23 44 36
3167	21 9 32 29
3168	40 45 12 22
3169	34 16 20 26
3170	42 46 6 24
3171	42 20 38 46
3172	47 45 14 11
3173	31 37 46 26
3174	19 48 14 16
3175	32 8 11 5
3176	26 4 35 5
3177	5 25 10 3
3178	1 45 37 50
3179	43 44 26 28
3180	33 30 5 23
3181	10 43 23 35
3182	33 3 4 10
3183	41 16 8 12
3184	22 43 24 4
3185	34 24 14 19
3186	48 49 31 4
3187	1 34 6 20
3188	18 33 38 32
3189	12 38 5 19
3190	9 43 7 28
3191	19 14 7 49
3192	2 3 13 28
3193	49 28 3 11
3194	14 22 7 49
3195	43 11 14 16
3196	42 47 3 34
3197	33 9 41 36
3198	21 48 18 33
3199	30 28 45 29
3200	16 9 29 5
3201	10 12 14 40
3202	27 5 8 22
3203	27 13 43 46
3204	20 5 46 21
3205	29 11 30 24
3206	20 43 49 48
3207	24 4 13 35
3208	48 21 13 35
3209	31 16 38 30
3210	40 21 27 43
3211	8 31 48 44
3212	24 48 2 13
3213	27 6 41 10
3214	38 36 34 49
3215	1 43 48 26
3216	21 26 17 42
3217	10 48 20 13
3218	16 21 32 24
3219	45 34 39 12
3220	19 24 12 17
3221	37 3 22 46
3222	32 30 36 18
3223	12 25 17 49
3224	2 33 49 47
3225	38 23 32 37
3226	1 31 34 8
3227	50 10 23 25
3228	7 39 8 21
3229	41 45 24 28
3230	1 35 30 22
3231	29 32 47 7
3232	46 1 18 36
3233	41 45 9 7
3234	36 13 8 20
3235	18 17 49 23
3236	9 44 22 42
3237	11 21 2 35
3238	21 8 45 3
3239	37 9 22 30
3240	34 50 19 44
3241	37 9 23 20
3242	50 35 3 43
3243	25 19 18 8
3244	41 14 27 23
3245	14 39 3 29
3246	17 2 48 34
3247	48 35 36 19
3248	30 13 23 28
3249	45 40 49 33
3250	32 13 4 43
3251	17 43 16 15
3252	31 12 16 48
3253	50 24 34 15
3254	38 42 32 7
3255	45 2 36 18
3256	43 29 33 39
3257	50 32 43 1
3258	36 35 37 32
3259	47 35 34 5
3260	4 11 35 43
3261	14 50 29 15
3262	47 39 44 22
3263	27 40 41 32
3264	3 19 15 16
3265	42 10 38 2
3266	33 47 13 48
3267	34 38 46 41
3268	30 2 33 31
3269	45 19 29 5
3270	18 39 43 34
3271	15 23 12 41
3272	8 24 19 43
3273	31 20 35 4
3274	23 22 2 20
3275	31 43 35 50
3276	10 16 30 28
3277	25 34 16 13
3278	9 34 37 23
3279	46 17 36 24
3280	18 21 12 41
3281	38 46 13 16
3282	8 18 11 1
3283	19 38 14 50
3284	3 29 27 30
3285	22 11 46 41
3286	7 32 43 42
3287	18 16 11 26
3288	27 49 21 13
3289	15 44 48 4
3290	40 33 14 38
3291	39 50 45 33
3292	39 35 27 45
3293	39 2 5 23
3294	45 38 7 44
3295	50 30 20 27
3296	7 5 50 1
3297	43 18 37 50
3298	30 25 7 36
3299	26 12 29 39
3300	44 24 26 29
3301	14 1 49 42
3302	7 29 15 41
3303	50 24 37 46
3304	9 11 5 28
3305	1 38 41 50
3306	29 50 45 26
3307	3 50 49 22
3308	45 49 5 44
3309	18 9 21 8
3310	4 35 23 38
3311	22 40 44 27
3312	9 7 43 34
3313	23 18 39 35
3314	2 18 9 35
3315	43 35 41 50
3316	5 27 12 42
3317	7 15 5 44
3318	32 46 1 36
3319	44 14 43 28
3320	8 37 5 35
3321	18 49 46 25
3322	12 49 8 39
3323	13 24 20 30
3324	42 18 30 26
3325	45 44 25 41
3326	37 4 12 40
3327	25 31 6 7
3328	31 24 14 3
3329	10 33 22 1
3330	15 48 28 16
3331	40 4 24 25
3332	35 34 42 2
3333	39 21 37 49
3334	29 31 25 4
3335	23 28 12 48
3336	9 36 10 45
3337	35 13 33 16
3338	8 29 17 4
3339	4 7 17 35
3340	29 25 27 15
3341	5 10 21 37
3342	43 6 20 8
3343	45 24 27 19
3344	13 27 47 18
3345	46 15 22 48
3346	37 21 35 14
3347	15 5 4 39
3348	1 10 42 30
3349	16 15 23 37
3350	46 38 50 16
3351	11 26 13 41
3352	47 18 20 48
3353	14 47 1 30
3354	27 35 14 12
3355	4 38 33 46
3356	12 30 39 23
3357	22 16 27 6
3358	19 1 37 22
3359	19 45 17 36
3360	9 12 38 14
3361	2 16 26 12
3362	2 29 41 47
3363	11 9 32 5
3364	48 49 36 4
3365	35 2 8 31
3366	36 2 14 39
3367	11 29 16 28
3368	18 3 9 11
3369	2 32 31 34
3370	20 22 14 6
3371	35 48 6 7
3372	39 28 24 36
3373	3 45 37 28
3374	21 42 4 28
3375	10 39 35 36
3376	4 9 29 15
3377	49 34 14 6
3378	36 38 21 47
3379	8 20 38 10
3380	44 11 22 24
3381	5 49 7 28
3382	17 26 12 49
3383	16 36 46 27
3384	43 47 5 18
3385	19 44 47 14
3386	22 48 45 41
3387	40 18 4 5
3388	19 49 45 2
3389	22 39 21 45
3390	13 32 24 30
3391	34 39 33 41
3392	32 11 47 41
3393	28 31 13 1
3394	19 13 1 11
3395	19 30 17 34
3396	28 7 20 24
3397	43 42 40 13
3398	9 32 18 23
3399	15 18 32 24
3400	50 10 31 27
3401	22 41 34 18
3402	26 35 20 42
3403	44 24 1 2
3404	26 40 34 43
3405	25 31 29 24
3406	49 6 16 32
3407	42 13 4 38
3408	45 8 48 6
3409	27 49 1 37
3410	36 26 7 40
3411	17 39 23 38
3412	5 31 25 26
3413	4 8 16 2
3414	47 5 42 18
3415	5 31 20 7
3416	3 4 7 26
3417	21 44 18 27
3418	12 6 17 41
3419	2 1 16 37
3420	42 14 4 12
3421	38 10 12 18
3422	45 22 15 41
3423	36 18 47 26
3424	30 23 16 42
3425	32 19 25 37
3426	37 49 5 4
3427	23 28 19 35
3428	22 29 2 28
3429	1 5 20 49
3430	13 38 46 43
3431	26 5 33 39
3432	41 21 34 48
3433	35 21 18 7
3434	17 1 36 5
3435	36 16 25 33
3436	25 45 36 12
3437	41 44 26 5
3438	9 26 38 36
3439	29 8 21 10
3440	47 17 34 5
3441	24 29 11 7
3442	30 12 41 32
3443	14 33 3 8
3444	10 1 37 45
3445	48 43 16 15
3446	32 40 3 12
3447	43 47 20 23
3448	43 39 40 44
3449	19 50 39 43
3450	30 44 1 6
3451	26 18 2 30
3452	10 49 39 42
3453	47 21 15 13
3454	32 2 18 28
3455	46 44 39 50
3456	30 28 7 22
3457	43 28 19 31
3458	36 33 42 14
3459	15 49 20 30
3460	27 39 50 13
3461	30 43 13 34
3462	10 18 12 43
3463	48 49 5 23
3464	5 8 17 21
3465	3 21 40 36
3466	4 39 15 46
3467	26 47 4 45
3468	31 2 28 24
3469	35 37 38 22
3470	13 48 38 3
3471	49 18 31 42
3472	10 11 43 28
3473	15 1 35 10
3474	13 18 50 37
3475	26 8 44 48
3476	6 32 3 15
3477	47 11 35 48
3478	42 37 19 38
3479	29 16 13 32
3480	43 11 31 48
3481	13 27 33 46
3482	50 18 20 23
3483	13 34 37 47
3484	27 36 24 29
3485	10 13 7 24
3486	32 11 33 12
3487	17 23 14 37
3488	3 18 39 37
3489	41 23 22 13
3490	17 39 11 10
3491	20 2 29 31
3492	24 5 37 4
3493	43 45 41 36
3494	25 40 31 37
3495	10 48 18 27
3496	27 35 34 25
3497	38 50 21 7
3498	45 26 23 20
3499	26 49 31 17
3500	18 45 22 2
3501	25 41 19 8
3502	24 13 8 28
3503	14 6 39 29
3504	12 18 17 42
3505	37 30 11 3
3506	3 8 49 26
3507	15 44 3 48
3508	21 1 24 14
3509	33 8 16 31
3510	41 27 48 47
3511	46 24 50 37
3512	32 6 48 33
3513	26 13 28 15
3514	27 28 37 14
3515	36 44 35 37
3516	41 7 46 44
3517	23 40 5 38
3518	19 50 46 5
3519	27 45 46 42
3520	36 5 23 27
3521	38 21 17 30
3522	11 44 14 5
3523	33 49 4 8
3524	34 17 45 40
3525	36 29 46 2
3526	10 14 38 7
3527	43 46 34 18
3528	23 15 4 5
3529	37 41 8 21
3530	32 3 23 26
3531	18 28 23 22
3532	47 25 2 40
3533	44 36 2 4
3534	33 44 16 19
3535	35 19 40 29
3536	23 9 5 27
3537	10 39 45 19
3538	30 9 11 20
3539	4 15 3 46
3540	49 21 25 43
3541	42 35 6 33
3542	26 45 33 23
3543	1 25 7 43
3544	6 44 38 46
3545	17 1 2 36
3546	36 50 30 38
3547	38 10 48 19
3548	10 33 3 18
3549	8 5 44 2
3550	24 44 31 12
3551	3 41 18 31
3552	12 7 16 21
3553	31 36 33 34
3554	29 39 11 43
3555	34 2 46 19
3556	48 36 37 50
3557	20 11 32 31
3558	40 25 14 1
3559	25 30 31 15
3560	37 3 50 28
3561	50 23 11 7
3562	24 45 41 48
3563	26 31 29 40
3564	22 26 15 32
3565	13 43 28 50
3566	49 46 11 4
3567	43 20 7 18
3568	29 24 22 23
3569	22 34 46 38
3570	47 42 31 17
3571	12 48 2 35
3572	38 23 33 8
3573	2 35 48 11
3574	15 25 42 35
3575	20 22 34 21
3576	23 18 31 29
3577	17 15 42 8
3578	19 23 8 28
3579	5 38 47 30
3580	36 17 16 45
3581	29 16 17 30
3582	11 23 22 28
3583	6 44 42 27
3584	14 45 28 32
3585	25 15 35 50
3586	33 50 20 29
3587	27 28 16 5
3588	43 11 33 29
3589	29 15 27 20
3590	39 33 9 28
3591	28 24 14 7
3592	16 21 20 1
3593	41 15 14 21
3594	50 7 3 1
3595	35 49 12 41
3596	8 3 11 32
3597	47 50 29 23
3598	39 49 10 42
3599	44 29 28 9
3600	17 4 13 1
3601	18 9 39 49
3602	15 23 3 13
3603	20 44 4 35
3604	33 38 37 2
3605	47 3 17 50
3606	25 41 1 32
3607	25 31 13 33
3608	8 34 7 40
3609	50 35 10 3
3610	6 3 2 50
3611	13 36 39 26
3612	42 1 5 21
3613	19 43 48 34
3614	38 2 39 31
3615	31 38 36 50
3616	31 28 3 12
3617	20 47 29 32
3618	46 37 49 43
3619	24 25 2 19
3620	37 20 8 14
3621	42 50 8 49
3622	8 39 22 18
3623	35 8 47 41
3624	5 22 7 13
3625	15 35 48 23
3626	28 5 25 37
3627	41 30 18 8
3628	38 37 31 44
3629	42 2 32 8
3630	27 36 48 17
3631	48 28 2 41
3632	30 33 28 6
3633	1 37 5 13
3634	48 44 41 1
3635	7 48 29 28
3636	11 23 16 37
3637	47 26 4 50
3638	25 7 37 42
3639	26 48 20 47
3640	43 19 14 15
3641	43 28 4 25
3642	41 50 44 35
3643	49 32 29 43
3644	21 46 4 37
3645	28 2 21 47
3646	45 44 20 46
3647	37 1 3 7
3648	24 9 19 31
3649	49 46 12 28
3650	29 15 20 22
3651	49 44 19 32
3652	45 5 13 18
3653	21 46 19 25
3654	2 45 37 32
3655	2 6 23 11
3656	31 5 34 33
3657	27 32 26 7
3658	18 12 46 11
3659	20 6 23 29
3660	21 24 18 36
3661	6 40 2 28
3662	2 24 33 15
3663	24 32 29 25
3664	33 24 5 9
3665	13 4 42 5
3666	6 49 35 22
3667	18 48 24 9
3668	4 25 24 41
3669	44 16 18 38
3670	8 33 36 3
3671	19 5 21 8
3672	5 32 14 17
3673	38 35 26 11
3674	29 37 3 45
3675	36 28 5 1
3676	44 9 41 38
3677	42 48 12 18
3678	5 50 2 14
3679	45 3 25 43
3680	25 37 16 31
3681	42 3 19 9
3682	38 1 21 42
3683	45 15 34 2
3684	42 30 38 2
3685	36 37 4 33
3686	12 34 41 23
3687	45 46 25 28
3688	28 41 18 6
3689	22 28 44 35
3690	39 29 1 25
3691	6 19 36 34
3692	50 4 23 21
3693	41 31 23 38
3694	19 45 2 42
3695	2 34 16 6
3696	17 28 48 14
3697	8 43 12 4
3698	7 21 33 13
3699	48 1 7 35
3700	43 30 37 50
3701	18 45 4 46
3702	33 39 25 9
3703	23 48 36 35
3704	48 36 37 38
3705	18 6 15 10
3706	22 26 25 10
3707	28 23 7 45
3708	26 46 3 34
3709	27 30 4 15
3710	7 41 37 4
3711	5 9 43 37
3712	46 49 12 29
3713	23 6 36 14
3714	8 38 50 39
3715	17 33 10 40
3716	7 9 13 29
3717	2 44 28 20
3718	31 8 5 37
3719	39 1 8 33
3720	1 28 15 23
3721	2 5 48 25
3722	8 41 40 14
3723	43 33 49 42
3724	30 29 21 41
3725	41 16 36 46
3726	47 10 31 29
3727	11 14 6 41
3728	36 46 22 18
3729	10 33 40 3
3730	26 13 22 34
3731	1 4 34 37
3732	1 37 39 4
3733	29 14 20 34
3734	32 22 31 47
3735	19 1 34 39
3736	13 11 4 2
3737	46 43 23 4
3738	5 12 27 44
3739	18 27 19 41
3740	36 42 20 16
3741	16 46 13 26
3742	16 18 29 49
3743	22 19 35 32
3744	30 45 14 17
3745	33 32 21 44
3746	21 19 31 49
3747	43 25 10 50
3748	33 6 50 35
3749	18 16 6 13
3750	16 29 45 44
3751	39 17 6 48
3752	29 49 22 5
3753	3 48 30 17
3754	13 8 44 47
3755	8 44 26 47
3756	15 32 37 44
3757	7 8 35 25
3758	2 41 5 25
3759	41 15 49 22
3760	26 41 31 1
3761	42 38 16 23
3762	17 19 38 48
3763	29 34 20 50
3764	19 27 22 28
3765	47 26 30 10
3766	6 42 23 12
3767	35 42 33 28
3768	35 48 18 25
3769	2 8 35 14
3770	7 32 24 3
3771	3 34 50 13
3772	40 8 36 37
3773	16 48 49 1
3774	48 23 25 33
3775	20 26 6 9
3776	20 10 21 35
3777	32 36 7 39
3778	16 50 5 29
3779	33 5 9 24
3780	49 47 41 30
3781	33 28 3 40
3782	30 49 41 47
3783	35 5 39 48
3784	23 14 36 22
3785	50 21 31 5
3786	30 1 31 5
3787	27 1 34 49
3788	15 23 2 5
3789	33 44 36 2
3790	5 47 22 3
3791	16 10 8 43
3792	23 27 21 32
3793	19 4 35 42
3794	30 25 8 16
3795	25 32 41 4
3796	8 46 6 17
3797	19 7 32 44
3798	17 30 34 4
3799	14 45 48 31
3800	47 22 46 44
3801	45 21 42 4
3802	6 9 15 28
3803	38 47 46 22
3804	19 20 21 26
3805	29 18 27 33
3806	44 42 22 1
3807	46 3 4 41
3808	26 27 33 23
3809	15 1 24 11
3810	9 41 12 6
3811	23 25 29 20
3812	16 17 4 8
3813	33 7 10 2
3814	14 37 17 50
3815	13 47 44 14
3816	37 47 21 16
3817	27 23 14 13
3818	11 40 23 12
3819	46 19 35 1
3820	8 1 11 25
3821	35 14 6 13
3822	45 19 46 10
3823	1 30 23 9
3824	24 30 33 36
3825	29 50 15 17
3826	42 41 17 7
3827	44 20 49 43
3828	14 31 21 6
3829	42 7 46 40
3830	33 25 40 32
3831	2 16 1 28
3832	50 15 35 22
3833	26 25 27 29
3834	46 24 1 9
3835	22 19 45 2
3836	39 37 7 2
3837	28 8 48 16
3838	46 8 27 4
3839	14 48 49 32
3840	12 15 25 1
3841	21 26 34 20
3842	47 44 15 11
3843	2 24 8 3
3844	28 14 13 6
3845	20 23 50 48
3846	24 48 11 29
3847	46 27 40 5
3848	33 6 26 48
3849	12 18 3 14
3850	18 50 33 1
3851	2 41 50 3
3852	11 27 28 31
3853	43 45 1 16
3854	48 17 35 28
3855	32 26 1 7
3856	31 33 25 7
3857	8 49 29 14
3858	34 40 15 32
3859	18 30 4 17
3860	8 40 16 22
3861	25 7 44 6
3862	29 3 31 23
3863	39 2 3 41
3864	6 50 9 41
3865	1 50 17 48
3866	34 27 28 10
3867	41 21 49 29
3868	27 4 49 22
3869	45 2 28 14
3870	41 29 42 22
3871	35 10 15 47
3872	2 45 18 16
3873	42 9 22 31
3874	25 50 35 18
3875	6 43 48 7
3876	45 7 32 10
3877	48 35 21 32
3878	43 5 46 9
3879	27 45 37 26
3880	25 44 12 37
3881	44 10 22 34
3882	21 27 29 49
3883	32 50 2 22
3884	9 11 33 3
3885	26 2 28 25
3886	3 44 2 30
3887	31 16 39 27
3888	44 45 25 11
3889	30 45 28 16
3890	32 34 25 42
3891	45 10 5 7
3892	4 24 36 18
3893	5 50 36 8
3894	26 22 28 25
3895	48 32 31 28
3896	40 2 47 43
3897	39 48 19 20
3898	23 48 43 41
3899	8 7 24 14
3900	9 47 5 22
3901	31 42 37 43
3902	3 50 14 5
3903	26 50 4 2
3904	50 12 32 2
3905	48 26 9 24
3906	5 22 48 33
3907	18 39 41 24
3908	3 8 40 4
3909	34 29 10 7
3910	12 31 34 11
3911	8 49 1 42
3912	11 18 48 21
3913	49 42 6 28
3914	23 32 42 3
3915	38 8 31 43
3916	47 21 8 22
3917	18 45 23 49
3918	7 10 31 19
3919	25 41 13 11
3920	14 19 33 30
3921	22 30 10 5
3922	11 16 37 23
3923	37 32 8 21
3924	48 3 2 33
3925	34 13 19 38
3926	44 46 8 4
3927	7 44 6 30
3928	34 30 33 27
3929	49 16 50 7
3930	30 46 41 7
3931	30 45 26 16
3932	4 21 44 9
3933	22 4 36 17
3934	6 1 15 30
3935	38 49 37 29
3936	27 35 39 17
3937	21 25 36 2
3938	24 27 49 45
3939	13 11 3 39
3940	36 1 19 18
3941	46 27 22 25
3942	15 32 18 9
3943	36 48 8 43
3944	14 27 26 17
3945	45 5 41 20
3946	44 42 43 19
3947	1 25 13 4
3948	40 34 45 32
3949	45 9 7 35
3950	50 28 40 12
3951	18 27 21 50
3952	20 13 38 28
3953	43 12 50 31
3954	40 38 48 26
3955	17 5 16 34
3956	15 14 35 22
3957	48 49 28 35
3958	20 7 21 45
3959	49 15 26 6
3960	23 38 37 49
3961	29 10 41 33
3962	28 37 3 29
3963	39 47 34 48
3964	34 21 20 30
3965	11 48 28 19
3966	6 5 8 1
3967	41 15 36 18
3968	12 2 13 18
3969	36 26 14 33
3970	35 33 38 42
3971	2 23 35 3
3972	6 22 44 30
3973	6 48 47 22
3974	9 24 26 32
3975	49 1 24 26
3976	38 1 21 31
3977	25 47 7 2
3978	9 20 44 45
3979	28 44 26 36
3980	44 18 46 4
3981	22 31 2 35
3982	37 18 1 38
3983	16 10 4 40
3984	21 24 47 35
3985	43 45 28 39
3986	29 14 17 15
3987	2 39 16 7
3988	9 24 34 6
3989	24 15 4 13
3990	22 28 36 30
3991	26 16 27 15
3992	31 25 28 24
3993	11 5 7 44
3994	18 32 7 12
3995	45 17 28 8
3996	20 33 2 46
3997	7 27 15 45
3998	21 15 2 43
3999	13 23 32 6
4000	32 22 40 19
4001	2 38 30 32
4002	16 28 41 15
4003	41 30 36 18
4004	47 22 4 3
4005	29 10 40 28
4006	41 8 21 36
4007	1 37 38 23
4008	49 32 6 24
4009	1 48 18 21
4010	37 27 22 17
4011	37 28 41 33
4012	39 34 24 44
4013	3 2 4 37
4014	49 23 31 22
4015	30 22 25 19
4016	31 42 34 30
4017	6 45 50 38
4018	30 12 22 3
4019	6 48 3 37
4020	38 40 11 15
4021	49 20 10 13
4022	44 36 8 3
4023	27 13 42 31
4024	42 12 25 6
4025	35 38 24 15
4026	49 35 11 32
4027	30 21 7 34
4028	48 23 35 30
4029	21 37 42 23
4030	33 18 37 14
4031	24 16 41 34
4032	7 41 8 47
4033	33 1 9 17
4034	14 26 41 12
4035	19 31 49 30
4036	13 24 49 26
4037	2 29 38 23
4038	37 10 43 28
4039	15 32 47 40
4040	29 12 16 15
4041	34 7 43 28
4042	1 14 15 6
4043	7 25 21 49
4044	21 39 26 41
4045	7 41 38 36
4046	35 1 34 47
4047	19 35 36 41
4048	37 11 24 47
4049	12 21 25 3
4050	1 17 41 30
4051	26 44 5 50
4052	6 7 44 19
4053	31 17 18 23
4054	36 4 50 14
4055	31 49 18 12
4056	44 17 15 11
4057	32 11 22 43
4058	21 25 41 13
4059	33 19 1 27
4060	38 3 18 12
4061	4 50 29 33
4062	15 27 31 16
4063	6 12 25 22
4064	23 35 22 12
4065	50 38 24 47
4066	10 13 47 25
4067	3 28 48 12
4068	5 19 17 13
4069	7 32 21 22
4070	11 33 6 41
4071	22 33 28 17
4072	34 43 39 24
4073	18 16 1 21
4074	48 21 5 39
4075	16 3 50 18
4076	33 47 19 25
4077	17 12 33 30
4078	31 48 45 13
4079	14 47 15 19
4080	26 5 32 11
4081	31 6 32 16
4082	26 32 31 11
4083	4 33 10 23
4084	26 47 25 9
4085	45 6 40 28
4086	1 48 38 37
4087	37 12 3 18
4088	6 15 2 31
4089	38 41 27 35
4090	30 5 15 8
4091	36 25 44 27
4092	27 13 17 2
4093	48 6 7 13
4094	47 8 16 41
4095	40 7 28 32
4096	40 20 11 42
4097	17 28 1 4
4098	27 5 45 13
4099	13 27 11 24
4100	46 48 42 18
4101	9 3 33 36
4102	40 43 28 22
4103	26 2 43 5
4104	20 36 31 18
4105	45 19 20 23
4106	27 49 6 45
4107	1 9 2 24
4108	27 3 22 7
4109	39 8 50 22
4110	46 35 11 31
4111	36 45 42 19
4112	24 20 43 3
4113	28 40 38 32
4114	2 42 22 45
4115	37 11 18 42
4116	35 20 19 8
4117	31 32 44 24
4118	17 48 1 5
4119	6 34 4 22
4120	49 28 5 19
4121	35 23 9 42
4122	2 36 20 42
4123	5 44 26 43
4124	21 14 11 45
4125	45 13 34 40
4126	15 43 10 40
4127	17 50 46 39
4128	5 7 29 4
4129	17 40 23 45
4130	18 36 29 40
4131	41 13 6 34
4132	3 31 43 15
4133	19 48 34 8
4134	7 40 24 5
4135	29 21 14 50
4136	28 38 20 6
4137	43 12 22 18
4138	15 35 38 10
4139	26 2 37 13
4140	50 41 6 30
4141	39 47 5 44
4142	31 27 34 17
4143	44 3 17 2
4144	36 24 9 44
4145	39 27 14 38
4146	18 27 35 44
4147	26 49 48 46
4148	34 6 8 33
4149	2 44 21 47
4150	14 44 1 11
4151	28 22 11 17
4152	46 4 14 41
4153	41 24 37 6
4154	13 30 45 4
4155	18 36 46 32
4156	47 46 5 8
4157	10 32 17 28
4158	44 23 47 11
4159	21 13 46 26
4160	42 1 12 35
4161	47 26 43 30
4162	44 3 31 9
4163	8 14 50 25
4164	43 47 26 6
4165	40 18 3 46
4166	33 47 39 31
4167	48 37 49 8
4168	18 10 43 17
4169	46 30 49 41
4170	15 19 38 46
4171	8 1 3 37
4172	50 5 47 4
4173	16 39 36 10
4174	3 9 46 45
4175	33 8 14 9
4176	39 30 6 3
4177	31 16 42 26
4178	46 8 38 37
4179	35 5 43 23
4180	3 16 10 4
4181	41 28 12 37
4182	7 44 36 12
4183	25 35 1 34
4184	20 10 38 33
4185	25 44 13 20
4186	2 6 44 34
4187	1 45 31 15
4188	34 48 21 18
4189	3 48 21 33
4190	18 28 6 46
4191	15 32 12 7
4192	19 8 12 23
4193	28 35 14 16
4194	9 30 4 12
4195	27 15 34 20
4196	31 6 4 40
4197	15 23 22 31
4198	33 4 7 12
4199	50 19 17 31
4200	16 7 1 5
4201	18 38 47 14
4202	7 13 14 19
4203	41 35 40 47
4204	15 24 5 8
4205	19 3 2 15
4206	44 8 15 21
4207	20 17 48 29
4208	19 31 17 27
4209	44 13 22 42
4210	29 48 16 24
4211	18 30 25 6
4212	12 22 19 49
4213	21 45 12 19
4214	37 39 15 38
4215	9 49 39 11
4216	22 39 13 6
4217	43 10 9 5
4218	39 3 34 29
4219	37 12 42 13
4220	8 50 6 39
4221	11 43 50 5
4222	29 6 33 24
4223	4 10 38 5
4224	10 11 14 7
4225	32 34 14 18
4226	24 32 10 19
4227	44 34 36 7
4228	40 41 47 23
4229	27 23 21 7
4230	25 20 45 39
4231	3 36 26 8
4232	19 10 27 8
4233	45 4 48 26
4234	37 16 6 50
4235	39 41 1 24
4236	14 33 21 9
4237	38 2 43 5
4238	18 25 9 42
4239	40 17 38 36
4240	43 31 50 46
4241	43 30 18 46
4242	10 49 22 9
4243	21 6 45 13
4244	49 43 47 38
4245	18 12 25 22
4246	18 32 24 22
4247	16 44 1 23
4248	47 13 31 18
4249	23 38 18 9
4250	10 16 43 27
4251	21 23 40 32
4252	33 36 14 27
4253	28 24 44 38
4254	7 49 19 38
4255	14 39 21 50
4256	22 8 20 15
4257	19 8 4 2
4258	36 33 1 6
4259	2 32 14 39
4260	38 39 42 50
4261	2 29 15 21
4262	45 37 12 41
4263	46 28 44 39
4264	10 19 45 16
4265	50 33 10 48
4266	7 3 26 47
4267	7 49 12 24
4268	1 40 34 48
4269	25 13 47 42
4270	46 3 48 14
4271	40 27 29 34
4272	23 19 26 6
4273	32 33 25 20
4274	25 34 3 5
4275	29 44 13 35
4276	46 31 40 16
4277	19 8 10 13
4278	22 4 9 42
4279	35 5 27 2
4280	4 36 26 3
4281	48 21 23 26
4282	38 18 13 36
4283	30 42 10 43
4284	22 13 48 23
4285	43 5 25 29
4286	29 32 11 1
4287	27 21 40 45
4288	7 40 9 48
4289	25 34 1 42
4290	22 6 19 16
4291	41 9 35 4
4292	15 41 36 45
4293	38 50 2 32
4294	45 30 22 16
4295	35 45 16 17
4296	50 20 30 32
4297	46 16 26 40
4298	15 3 12 49
4299	22 50 18 27
4300	42 19 24 49
4301	6 30 14 37
4302	36 40 12 39
4303	12 38 15 11
4304	16 34 11 31
4305	23 39 46 36
4306	18 27 48 32
4307	42 27 16 35
4308	15 34 9 8
4309	40 33 38 49
4310	36 1 5 32
4311	32 40 23 50
4312	11 21 19 32
4313	42 39 31 16
4314	5 40 29 25
4315	22 49 39 7
4316	46 32 45 11
4317	8 5 1 47
4318	41 33 18 38
4319	10 40 7 6
4320	19 9 43 38
4321	29 28 24 11
4322	49 37 3 20
4323	32 16 46 43
4324	39 48 38 44
4325	19 37 5 6
4326	18 41 12 42
4327	41 14 49 38
4328	23 27 37 3
4329	34 21 18 7
4330	7 31 30 47
4331	23 27 22 38
4332	7 41 34 32
4333	21 50 9 19
4334	17 15 50 48
4335	12 42 32 11
4336	49 46 29 27
4337	15 38 40 50
4338	49 30 4 19
4339	47 13 1 14
4340	33 7 2 20
4341	43 32 15 48
4342	46 12 31 17
4343	14 46 19 30
4344	46 2 8 41
4345	25 8 47 48
4346	20 45 15 13
4347	14 4 30 26
4348	45 19 27 39
4349	43 6 3 15
4350	1 16 4 8
4351	22 50 25 29
4352	24 3 50 41
4353	47 33 17 4
4354	2 35 27 15
4355	9 37 26 22
4356	7 13 39 18
4357	2 13 43 3
4358	10 17 50 45
4359	3 21 9 48
4360	34 48 46 26
4361	46 42 32 37
4362	49 47 36 11
4363	46 2 12 36
4364	42 34 5 6
4365	22 44 24 49
4366	27 28 44 30
4367	10 23 21 39
4368	27 41 22 11
4369	48 35 21 32
4370	23 37 24 12
4371	29 31 3 20
4372	21 12 35 44
4373	37 10 20 49
4374	9 34 35 21
4375	7 38 1 27
4376	19 20 12 13
4377	3 9 50 35
4378	45 11 9 49
4379	23 24 21 30
4380	43 46 42 34
4381	30 24 35 7
4382	31 28 21 44
4383	13 27 41 49
4384	2 36 35 40
4385	28 9 27 12
4386	28 7 13 36
4387	50 44 46 3
4388	47 13 34 24
4389	2 11 26 21
4390	17 47 24 22
4391	9 31 42 45
4392	26 12 7 21
4393	1 12 47 35
4394	14 38 44 32
4395	34 48 7 50
4396	42 16 18 13
4397	4 28 43 33
4398	12 39 33 14
4399	6 45 12 20
4400	17 19 45 49
4401	11 32 1 19
4402	39 30 17 38
4403	27 8 43 47
4404	31 38 7 9
4405	18 10 1 19
4406	39 38 7 35
4407	35 29 47 38
4408	40 14 5 10
4409	29 18 36 40
4410	34 41 42 36
4411	40 4 11 23
4412	24 46 10 33
4413	47 26 12 20
4414	39 9 35 31
4415	23 13 50 35
4416	41 28 15 24
4417	44 25 40 22
4418	2 8 47 11
4419	18 46 26 34
4420	46 30 41 36
4421	45 34 41 21
4422	15 42 47 10
4423	42 19 8 21
4424	49 31 30 3
4425	37 41 13 34
4426	24 26 11 7
4427	50 24 5 23
4428	36 46 8 4
4429	28 38 29 35
4430	49 32 15 18
4431	28 16 37 47
4432	48 26 3 25
4433	26 42 5 16
4434	18 44 4 7
4435	14 40 37 21
4436	10 18 20 45
4437	15 47 44 38
4438	28 10 2 27
4439	29 49 11 9
4440	7 25 21 34
4441	12 34 2 23
4442	43 17 19 20
4443	3 8 16 37
4444	36 17 27 37
4445	13 1 29 48
4446	1 33 48 41
4447	14 28 10 22
4448	18 36 21 5
4449	23 16 15 3
4450	20 36 3 23
4451	33 7 39 20
4452	11 15 2 38
4453	40 38 27 49
4454	41 22 24 46
4455	9 15 45 23
4456	12 11 18 26
4457	4 17 7 44
4458	46 13 50 48
4459	28 2 44 10
4460	5 16 39 20
4461	15 35 4 13
4462	26 4 5 49
4463	1 35 20 19
4464	42 40 35 46
4465	20 4 36 26
4466	42 11 7 47
4467	37 34 14 22
4468	33 4 23 13
4469	24 17 5 31
4470	50 12 32 45
4471	49 35 50 23
4472	6 26 50 27
4473	4 29 47 21
4474	25 15 47 13
4475	15 26 33 4
4476	4 45 20 44
4477	7 10 5 42
4478	40 14 8 2
4479	4 23 29 47
4480	21 34 33 22
4481	30 2 7 34
4482	14 49 23 19
4483	24 41 39 7
4484	46 47 26 6
4485	32 39 43 3
4486	6 36 11 39
4487	38 17 2 1
4488	25 6 34 3
4489	37 49 3 48
4490	46 1 15 7
4491	11 26 10 19
4492	5 41 44 3
4493	38 33 23 50
4494	4 11 39 2
4495	10 31 22 24
4496	30 14 21 36
4497	11 23 12 19
4498	45 26 41 48
4499	17 47 34 37
4500	46 12 41 29
4501	27 45 42 17
4502	16 45 25 13
4503	7 29 2 3
4504	34 36 41 3
4505	43 30 41 45
4506	1 21 2 10
4507	25 45 8 33
4508	22 34 38 32
4509	41 2 40 26
4510	47 19 31 12
4511	30 14 1 36
4512	16 20 12 28
4513	13 21 8 42
4514	12 2 23 27
4515	24 6 49 21
4516	24 21 26 6
4517	37 42 36 50
4518	49 47 17 12
4519	6 46 43 21
4520	34 10 1 22
4521	24 26 29 42
4522	23 5 20 1
4523	43 44 45 14
4524	4 41 44 3
4525	4 8 48 9
4526	42 25 44 3
4527	29 35 40 1
4528	21 28 36 48
4529	16 39 50 21
4530	13 39 3 30
4531	46 47 5 36
4532	22 27 29 4
4533	43 12 42 38
4534	25 30 15 39
4535	42 24 32 9
4536	30 29 2 31
4537	28 41 6 11
4538	11 17 44 15
4539	47 16 26 3
4540	2 27 13 8
4541	20 2 30 18
4542	38 31 44 20
4543	15 25 1 45
4544	16 21 33 8
4545	26 32 7 41
4546	18 13 50 43
4547	38 16 29 41
4548	13 22 24 8
4549	24 26 20 6
4550	4 32 9 36
4551	30 29 24 28
4552	29 19 31 49
4553	8 39 29 16
4554	50 9 39 14
4555	24 12 29 44
4556	44 1 2 22
4557	13 5 23 36
4558	37 48 32 31
4559	7 19 41 5
4560	9 10 27 47
4561	45 15 28 43
4562	46 36 49 17
4563	50 26 30 27
4564	46 36 40 39
4565	39 12 16 4
4566	48 3 20 30
4567	20 7 43 27
4568	22 27 32 1
4569	29 27 44 21
4570	41 24 15 4
4571	41 23 25 37
4572	33 40 30 39
4573	22 26 11 8
4574	48 3 34 38
4575	13 21 33 4
4576	39 28 14 25
4577	34 24 42 12
4578	10 33 47 20
4579	15 8 34 32
4580	49 12 22 45
4581	21 36 28 1
4582	8 34 9 32
4583	38 13 30 33
4584	6 49 35 19
4585	34 13 31 25
4586	14 1 15 49
4587	48 12 42 31
4588	30 9 27 49
4589	16 11 30 7
4590	27 50 40 41
4591	44 19 9 1
4592	42 46 45 29
4593	35 42 1 41
4594	35 33 15 30
4595	5 40 10 21
4596	7 49 12 45
4597	5 36 44 1
4598	16 19 35 30
4599	42 39 38 44
4600	30 32 3 4
4601	21 35 28 4
4602	19 39 20 34
4603	36 9 23 3
4604	14 21 18 15
4605	15 20 42 46
4606	23 20 19 9
4607	38 5 46 43
4608	32 29 6 36
4609	16 19 49 39
4610	3 40 13 45
4611	45 9 39 42
4612	11 47 18 19
4613	9 2 30 17
4614	1 50 17 6
4615	27 11 15 13
4616	43 29 40 3
4617	25 37 27 30
4618	29 40 37 30
4619	23 50 4 15
4620	49 44 40 31
4621	34 43 15 13
4622	26 47 40 42
4623	31 20 13 6
4624	12 25 14 18
4625	40 9 39 38
4626	21 25 42 18
4627	34 26 15 18
4628	2 19 3 46
4629	4 35 42 8
4630	37 43 49 33
4631	20 40 46 44
4632	25 18 4 37
4633	4 36 37 35
4634	11 25 14 26
4635	39 4 2 22
4636	9 37 2 23
4637	42 31 33 23
4638	31 19 36 45
4639	16 47 27 48
4640	38 17 35 16
4641	24 18 39 27
4642	1 4 38 15
4643	30 4 34 29
4644	1 29 27 43
4645	22 44 31 21
4646	43 50 9 22
4647	38 32 39 22
4648	35 34 47 10
4649	2 13 22 49
4650	33 35 24 41
4651	46 5 23 16
4652	16 46 11 31
4653	10 48 22 14
4654	21 25 4 40
4655	38 30 48 14
4656	2 21 4 10
4657	12 15 49 47
4658	7 21 29 2
4659	45 1 19 50
4660	7 26 33 36
4661	38 20 27 30
4662	32 4 29 15
4663	33 39 31 21
4664	12 19 20 31
4665	12 44 7 27
4666	46 32 21 45
4667	49 38 29 2
4668	42 47 20 9
4669	31 39 18 38
4670	35 42 30 13
4671	5 24 17 19
4672	43 48 2 34
4673	25 11 21 13
4674	23 6 22 16
4675	3 31 30 7
4676	41 10 37 44
4677	30 23 38 25
4678	2 47 15 41
4679	12 3 26 24
4680	15 33 14 49
4681	6 8 43 20
4682	32 3 44 37
4683	25 43 26 36
4684	3 33 41 36
4685	3 44 20 9
4686	27 34 18 50
4687	6 32 19 46
4688	36 43 44 4
4689	29 21 47 8
4690	47 2 35 8
4691	26 19 9 14
4692	20 36 7 9
4693	46 32 30 1
4694	2 14 12 29
4695	43 41 15 23
4696	38 18 13 8
4697	20 11 35 28
4698	13 39 24 37
4699	25 29 23 6
4700	20 44 43 27
4701	10 7 49 36
4702	42 6 18 19
4703	31 2 50 32
4704	31 26 40 39
4705	34 15 13 22
4706	22 3 50 20
4707	17 50 38 28
4708	20 49 7 5
4709	43 8 39 26
4710	12 3 37 44
4711	8 2 5 31
4712	17 33 25 11
4713	13 31 26 21
4714	10 19 30 16
4715	2 13 24 3
4716	19 12 37 36
4717	43 31 40 2
4718	15 4 39 44
4719	17 41 42 5
4720	25 14 5 28
4721	36 2 12 16
4722	27 3 23 45
4723	2 16 14 24
4724	29 23 5 17
4725	34 31 16 39
4726	9 19 43 36
4727	36 40 45 41
4728	40 13 16 23
4729	19 2 21 13
4730	40 18 11 2
4731	45 6 29 20
4732	7 29 48 9
4733	24 7 9 37
4734	38 48 19 43
4735	40 37 17 6
4736	11 24 4 42
4737	2 7 8 43
4738	9 46 25 23
4739	32 14 21 16
4740	45 27 21 3
4741	49 29 40 15
4742	34 41 32 5
4743	49 12 19 38
4744	29 11 9 49
4745	32 13 2 33
4746	37 25 6 40
4747	23 26 30 39
4748	47 39 45 33
4749	15 21 24 2
4750	5 10 12 50
4751	13 19 37 31
4752	1 8 20 16
4753	12 28 19 36
4754	49 3 46 18
4755	16 41 26 32
4756	34 8 17 1
4757	33 42 14 21
4758	33 32 31 30
4759	27 34 19 48
4760	15 47 45 3
4761	37 29 28 25
4762	21 50 45 28
4763	9 19 11 44
4764	32 27 14 18
4765	49 42 20 5
4766	42 30 6 18
4767	44 6 46 3
4768	49 33 19 15
4769	47 30 14 16
4770	44 26 23 4
4771	6 35 41 7
4772	9 30 28 18
4773	46 20 45 3
4774	33 40 22 44
4775	27 32 25 28
4776	33 16 30 41
4777	44 3 29 9
4778	25 43 30 33
4779	24 35 23 31
4780	24 23 8 42
4781	33 50 16 26
4782	14 46 23 20
4783	37 9 48 30
4784	46 12 23 35
4785	34 12 32 40
4786	44 46 45 19
4787	33 15 40 47
4788	9 16 27 26
4789	18 22 42 23
4790	37 12 36 17
4791	34 36 13 40
4792	43 45 5 17
4793	13 32 39 36
4794	49 10 14 45
4795	43 48 19 34
4796	13 23 40 26
4797	42 19 34 21
4798	35 50 19 10
4799	42 3 27 25
4800	27 21 3 40
4801	2 50 37 44
4802	14 10 24 31
4803	2 35 36 8
4804	3 43 22 26
4805	14 25 46 26
4806	50 33 11 23
4807	22 6 13 9
4808	20 2 48 19
4809	28 10 14 5
4810	32 5 22 47
4811	23 28 6 34
4812	17 5 50 36
4813	45 22 20 24
4814	35 2 22 11
4815	42 40 43 23
4816	42 33 45 19
4817	8 21 34 33
4818	21 1 32 46
4819	17 16 39 10
4820	25 10 8 6
4821	19 16 32 8
4822	26 24 45 5
4823	2 39 30 41
4824	29 15 47 22
4825	22 23 18 44
4826	17 20 2 22
4827	4 44 11 49
4828	31 41 7 33
4829	12 16 4 13
4830	25 31 39 43
4831	22 8 26 15
4832	31 33 14 42
4833	22 31 5 21
4834	6 16 34 23
4835	37 42 2 14
4836	19 23 48 15
4837	32 44 48 39
4838	12 43 3 41
4839	3 21 20 25
4840	31 32 36 20
4841	18 5 24 33
4842	28 39 22 43
4843	20 5 44 48
4844	19 44 25 45
4845	9 24 34 49
4846	48 13 27 29
4847	12 19 10 13
4848	34 16 47 36
4849	22 35 21 5
4850	15 1 40 26
4851	4 37 35 13
4852	3 17 15 38
4853	30 20 34 16
4854	7 47 10 23
4855	50 38 30 47
4856	10 36 1 11
4857	31 46 48 36
4858	4 37 10 7
4859	47 9 8 14
4860	34 14 40 45
4861	4 34 50 17
4862	15 28 7 30
4863	46 9 14 17
4864	31 20 2 33
4865	3 34 38 35
4866	11 21 46 13
4867	4 23 19 9
4868	22 27 2 19
4869	36 1 2 3
4870	2 37 41 40
4871	2 20 18 50
4872	12 35 18 21
4873	28 7 32 4
4874	15 23 8 14
4875	35 3 38 9
4876	36 19 39 40
4877	32 36 28 41
4878	32 8 28 43
4879	4 10 17 26
4880	36 7 38 1
4881	6 22 1 37
4882	30 3 38 37
4883	45 47 43 26
4884	26 48 23 22
4885	22 17 47 40
4886	18 45 16 11
4887	19 37 34 14
4888	41 37 5 31
4889	39 42 28 21
4890	2 11 19 12
4891	22 20 5 24
4892	38 9 35 34
4893	19 11 21 50
4894	34 5 46 10
4895	31 41 9 12
4896	30 5 19 25
4897	23 22 18 31
4898	43 22 31 41
4899	33 25 28 36
4900	38 40 14 9
4901	39 26 17 42
4902	20 47 23 29
4903	34 32 30 40
4904	25 16 38 42
4905	26 13 29 35
4906	48 31 33 30
4907	39 20 38 44
4908	34 6 37 20
4909	43 11 28 33
4910	48 35 50 23
4911	33 6 45 8
4912	44 2 6 47
4913	46 13 20 29
4914	10 16 5 23
4915	18 6 22 48
4916	13 41 23 21
4917	42 49 14 34
4918	26 45 1 33
4919	38 41 25 29
4920	19 48 17 7
4921	40 30 31 33
4922	26 20 17 45
4923	19 20 42 1
4924	1 16 30 24
4925	44 25 5 36
4926	26 20 41 16
4927	14 5 25 44
4928	34 29 23 32
4929	35 12 9 1
4930	36 3 43 46
4931	36 10 7 28
4932	27 18 48 34
4933	48 7 6 16
4934	39 17 32 37
4935	35 15 13 1
4936	4 33 12 44
4937	27 4 40 1
4938	40 11 44 21
4939	15 4 49 48
4940	19 43 6 26
4941	3 31 45 17
4942	20 19 4 8
4943	3 10 14 12
4944	2 45 27 18
4945	6 47 19 49
4946	8 16 6 32
4947	43 19 14 3
4948	8 35 34 21
4949	6 10 45 24
4950	21 1 10 4
4951	39 27 2 48
4952	2 38 30 21
4953	13 49 34 31
4954	39 40 47 44
4955	35 45 21 41
4956	13 32 20 21
4957	3 17 40 45
4958	39 42 9 34
4959	12 43 21 13
4960	50 10 36 40
4961	19 29 14 2
4962	23 39 1 4
4963	41 38 32 47
4964	25 7 12 8
4965	27 21 47 43
4966	34 21 18 26
4967	25 8 24 1
4968	33 20 23 44
4969	44 26 8 41
4970	12 30 10 37
4971	33 20 38 1
4972	44 6 14 48
4973	21 37 11 22
4974	11 8 38 28
4975	11 22 38 1
4976	7 23 26 38
4977	45 37 22 34
4978	14 4 17 26
4979	7 12 49 8
4980	6 31 41 7
4981	44 33 21 24
4982	37 34 20 47
4983	36 40 48 24
4984	36 17 18 32
4985	1 23 33 7
4986	24 27 29 11
4987	45 23 35 25
4988	13 38 18 45
4989	41 18 34 40
4990	49 1 13 37
4991	19 31 28 41
4992	18 31 5 47
4993	4 26 43 19
4994	10 2 18 9
4995	18 22 4 42
4996	43 31 34 36
4997	41 47 43 42
4998	22 15 48 38
4999	30 15 5 49
5000	11 33 38 42
